# Number of peaks = 2
# Fitting results:
# pktyp	 xm	 amp	 width	 area
# AP	 205.4	 4.374 	 116.3	 1051.0
# AP	 344.5	 7.569 	 38.1	 509.2
# 
# X	Y	pksum	pk1	pk2
+0.0000E+00 +1.5230E-02 -5.6408E-02 -5.6420E-02 +1.2163E-05
+1.0000E+00 +6.6030E-02 -5.5776E-02 -5.5788E-02 +1.2510E-05
+2.0000E+00 +6.8040E-02 -5.5053E-02 -5.5066E-02 +1.2867E-05
+3.0000E+00 +1.0810E-01 -5.4235E-02 -5.4248E-02 +1.3234E-05
+4.0000E+00 +1.4890E-02 -5.3315E-02 -5.3329E-02 +1.3611E-05
+5.0000E+00 +4.9750E-02 -5.2289E-02 -5.2303E-02 +1.4000E-05
+6.0000E+00 +9.0100E-02 -5.1150E-02 -5.1164E-02 +1.4400E-05
+7.0000E+00 +9.1130E-02 -4.9892E-02 -4.9906E-02 +1.4811E-05
+8.0000E+00 +2.9670E-02 -4.8508E-02 -4.8524E-02 +1.5235E-05
+9.0000E+00 -2.3080E-02 -4.6993E-02 -4.7009E-02 +1.5670E-05
+1.0000E+01 +2.8970E-02 -4.5339E-02 -4.5356E-02 +1.6119E-05
+1.1000E+01 -4.6820E-02 -4.3540E-02 -4.3557E-02 +1.6580E-05
+1.2000E+01 -4.5550E-02 -4.1588E-02 -4.1605E-02 +1.7055E-05
+1.3000E+01 -6.7460E-02 -3.9476E-02 -3.9493E-02 +1.7544E-05
+1.4000E+01 +2.5280E-02 -3.7196E-02 -3.7214E-02 +1.8047E-05
+1.5000E+01 -3.2850E-02 -3.4740E-02 -3.4759E-02 +1.8564E-05
+1.6000E+01 -4.1140E-02 -3.2101E-02 -3.2120E-02 +1.9097E-05
+1.7000E+01 +3.8010E-02 -2.9270E-02 -2.9290E-02 +1.9645E-05
+1.8000E+01 +1.5392E-01 -2.6239E-02 -2.6259E-02 +2.0209E-05
+1.9000E+01 -9.8330E-02 -2.3000E-02 -2.3020E-02 +2.0790E-05
+2.0000E+01 +1.1550E-02 -1.9542E-02 -1.9564E-02 +2.1387E-05
+2.1000E+01 +3.6370E-02 -1.5859E-02 -1.5881E-02 +2.2002E-05
+2.2000E+01 +1.6550E-02 -1.1940E-02 -1.1962E-02 +2.2635E-05
+2.3000E+01 -2.5140E-02 -7.7756E-03 -7.7989E-03 +2.3287E-05
+2.4000E+01 +1.2722E-01 -3.3573E-03 -3.3813E-03 +2.3957E-05
+2.5000E+01 +7.2450E-02 +1.3249E-03 +1.3003E-03 +2.4648E-05
+2.6000E+01 -3.1800E-02 +6.2809E-03 +6.2555E-03 +2.5358E-05
+2.7000E+01 +1.7390E-02 +1.1520E-02 +1.1494E-02 +2.6089E-05
+2.8000E+01 -3.9350E-02 +1.7053E-02 +1.7027E-02 +2.6842E-05
+2.9000E+01 +7.7990E-02 +2.2890E-02 +2.2863E-02 +2.7617E-05
+3.0000E+01 -1.7600E-03 +2.9041E-02 +2.9013E-02 +2.8414E-05
+3.1000E+01 -3.5260E-02 +3.5516E-02 +3.5487E-02 +2.9235E-05
+3.2000E+01 +5.2390E-02 +4.2326E-02 +4.2296E-02 +3.0080E-05
+3.3000E+01 -4.7210E-02 +4.9482E-02 +4.9451E-02 +3.0950E-05
+3.4000E+01 -7.2490E-02 +5.6993E-02 +5.6961E-02 +3.1845E-05
+3.5000E+01 -5.5300E-03 +6.4871E-02 +6.4838E-02 +3.2767E-05
+3.6000E+01 -5.6210E-02 +7.3125E-02 +7.3092E-02 +3.3716E-05
+3.7000E+01 +5.3630E-02 +8.1768E-02 +8.1734E-02 +3.4693E-05
+3.8000E+01 -7.1600E-03 +9.0810E-02 +9.0774E-02 +3.5699E-05
+3.9000E+01 +6.3300E-03 +1.0026E-01 +1.0022E-01 +3.6734E-05
+4.0000E+01 +4.6340E-02 +1.1013E-01 +1.1009E-01 +3.7800E-05
+4.1000E+01 +5.4010E-02 +1.2043E-01 +1.2039E-01 +3.8898E-05
+4.2000E+01 +9.5880E-02 +1.3117E-01 +1.3113E-01 +4.0027E-05
+4.3000E+01 +6.0870E-02 +1.4237E-01 +1.4233E-01 +4.1191E-05
+4.4000E+01 +7.3250E-02 +1.5402E-01 +1.5398E-01 +4.2388E-05
+4.5000E+01 +5.7480E-02 +1.6615E-01 +1.6611E-01 +4.3621E-05
+4.6000E+01 +1.3093E-01 +1.7876E-01 +1.7872E-01 +4.4891E-05
+4.7000E+01 +1.3046E-01 +1.9187E-01 +1.9182E-01 +4.6198E-05
+4.8000E+01 +3.7180E-02 +2.0547E-01 +2.0542E-01 +4.7544E-05
+4.9000E+01 +1.4726E-01 +2.1959E-01 +2.1954E-01 +4.8930E-05
+5.0000E+01 +7.2700E-02 +2.3423E-01 +2.3418E-01 +5.0357E-05
+5.1000E+01 +1.7304E-01 +2.4940E-01 +2.4935E-01 +5.1826E-05
+5.2000E+01 +1.6263E-01 +2.6511E-01 +2.6506E-01 +5.3339E-05
+5.3000E+01 +1.1397E-01 +2.8137E-01 +2.8132E-01 +5.4897E-05
+5.4000E+01 +2.0276E-01 +2.9819E-01 +2.9813E-01 +5.6502E-05
+5.5000E+01 +2.5213E-01 +3.1557E-01 +3.1551E-01 +5.8154E-05
+5.6000E+01 +3.0172E-01 +3.3353E-01 +3.3347E-01 +5.9855E-05
+5.7000E+01 +3.2792E-01 +3.5207E-01 +3.5200E-01 +6.1607E-05
+5.8000E+01 +3.1176E-01 +3.7119E-01 +3.7113E-01 +6.3411E-05
+5.9000E+01 +2.2129E-01 +3.9091E-01 +3.9085E-01 +6.5269E-05
+6.0000E+01 +3.9924E-01 +4.1124E-01 +4.1117E-01 +6.7183E-05
+6.1000E+01 +3.5607E-01 +4.3217E-01 +4.3210E-01 +6.9153E-05
+6.2000E+01 +4.6741E-01 +4.5371E-01 +4.5364E-01 +7.1183E-05
+6.3000E+01 +3.3696E-01 +4.7588E-01 +4.7581E-01 +7.3273E-05
+6.4000E+01 +4.4804E-01 +4.9867E-01 +4.9859E-01 +7.5426E-05
+6.5000E+01 +4.6849E-01 +5.2209E-01 +5.2201E-01 +7.7643E-05
+6.6000E+01 +3.7975E-01 +5.4614E-01 +5.4606E-01 +7.9927E-05
+6.7000E+01 +5.5014E-01 +5.7082E-01 +5.7074E-01 +8.2279E-05
+6.8000E+01 +4.9906E-01 +5.9614E-01 +5.9606E-01 +8.4702E-05
+6.9000E+01 +6.4864E-01 +6.2211E-01 +6.2202E-01 +8.7197E-05
+7.0000E+01 +5.3402E-01 +6.4871E-01 +6.4862E-01 +8.9767E-05
+7.1000E+01 +6.4810E-01 +6.7596E-01 +6.7587E-01 +9.2415E-05
+7.2000E+01 +7.3421E-01 +7.0386E-01 +7.0376E-01 +9.5142E-05
+7.3000E+01 +7.2738E-01 +7.3240E-01 +7.3230E-01 +9.7952E-05
+7.4000E+01 +7.5180E-01 +7.6158E-01 +7.6148E-01 +1.0085E-04
+7.5000E+01 +8.3096E-01 +7.9141E-01 +7.9130E-01 +1.0383E-04
+7.6000E+01 +7.9170E-01 +8.2187E-01 +8.2177E-01 +1.0690E-04
+7.7000E+01 +7.9172E-01 +8.5298E-01 +8.5287E-01 +1.1006E-04
+7.8000E+01 +8.7309E-01 +8.8472E-01 +8.8461E-01 +1.1332E-04
+7.9000E+01 +8.3718E-01 +9.1709E-01 +9.1697E-01 +1.1668E-04
+8.0000E+01 +8.7398E-01 +9.5009E-01 +9.4997E-01 +1.2014E-04
+8.1000E+01 +9.9031E-01 +9.8371E-01 +9.8359E-01 +1.2370E-04
+8.2000E+01 +1.0724E+00 +1.0179E+00 +1.0178E+00 +1.2737E-04
+8.3000E+01 +1.0063E+00 +1.0528E+00 +1.0527E+00 +1.3116E-04
+8.4000E+01 +1.0647E+00 +1.0882E+00 +1.0881E+00 +1.3505E-04
+8.5000E+01 +1.1475E+00 +1.1243E+00 +1.1242E+00 +1.3907E-04
+8.6000E+01 +1.1336E+00 +1.1609E+00 +1.1608E+00 +1.4321E-04
+8.7000E+01 +1.2246E+00 +1.1981E+00 +1.1980E+00 +1.4747E-04
+8.8000E+01 +1.2511E+00 +1.2359E+00 +1.2358E+00 +1.5186E-04
+8.9000E+01 +1.1927E+00 +1.2743E+00 +1.2741E+00 +1.5639E-04
+9.0000E+01 +1.2805E+00 +1.3131E+00 +1.3130E+00 +1.6105E-04
+9.1000E+01 +1.3195E+00 +1.3525E+00 +1.3524E+00 +1.6586E-04
+9.2000E+01 +1.4250E+00 +1.3925E+00 +1.3923E+00 +1.7081E-04
+9.3000E+01 +1.4645E+00 +1.4329E+00 +1.4328E+00 +1.7592E-04
+9.4000E+01 +1.5475E+00 +1.4739E+00 +1.4737E+00 +1.8118E-04
+9.5000E+01 +1.5868E+00 +1.5153E+00 +1.5151E+00 +1.8660E-04
+9.6000E+01 +1.6120E+00 +1.5572E+00 +1.5570E+00 +1.9219E-04
+9.7000E+01 +1.5947E+00 +1.5995E+00 +1.5993E+00 +1.9794E-04
+9.8000E+01 +1.6932E+00 +1.6423E+00 +1.6421E+00 +2.0388E-04
+9.9000E+01 +1.7545E+00 +1.6854E+00 +1.6852E+00 +2.0999E-04
+1.0000E+02 +1.7730E+00 +1.7290E+00 +1.7288E+00 +2.1630E-04
+1.0100E+02 +1.8390E+00 +1.7730E+00 +1.7727E+00 +2.2279E-04
+1.0200E+02 +1.9109E+00 +1.8173E+00 +1.8170E+00 +2.2949E-04
+1.0300E+02 +1.8803E+00 +1.8619E+00 +1.8617E+00 +2.3639E-04
+1.0400E+02 +1.9960E+00 +1.9069E+00 +1.9066E+00 +2.4351E-04
+1.0500E+02 +2.0089E+00 +1.9521E+00 +1.9519E+00 +2.5084E-04
+1.0600E+02 +2.0703E+00 +1.9977E+00 +1.9974E+00 +2.5840E-04
+1.0700E+02 +2.1541E+00 +2.0435E+00 +2.0432E+00 +2.6619E-04
+1.0800E+02 +2.2269E+00 +2.0895E+00 +2.0892E+00 +2.7422E-04
+1.0900E+02 +2.1895E+00 +2.1357E+00 +2.1354E+00 +2.8251E-04
+1.1000E+02 +2.3322E+00 +2.1821E+00 +2.1818E+00 +2.9104E-04
+1.1100E+02 +2.3056E+00 +2.2287E+00 +2.2284E+00 +2.9984E-04
+1.1200E+02 +2.4067E+00 +2.2754E+00 +2.2751E+00 +3.0892E-04
+1.1300E+02 +2.4117E+00 +2.3222E+00 +2.3219E+00 +3.1827E-04
+1.1400E+02 +2.4479E+00 +2.3691E+00 +2.3688E+00 +3.2792E-04
+1.1500E+02 +2.4551E+00 +2.4161E+00 +2.4157E+00 +3.3786E-04
+1.1600E+02 +2.4707E+00 +2.4631E+00 +2.4627E+00 +3.4812E-04
+1.1700E+02 +2.5559E+00 +2.5101E+00 +2.5097E+00 +3.5869E-04
+1.1800E+02 +2.6508E+00 +2.5570E+00 +2.5567E+00 +3.6959E-04
+1.1900E+02 +2.6559E+00 +2.6040E+00 +2.6036E+00 +3.8084E-04
+1.2000E+02 +2.7540E+00 +2.6508E+00 +2.6504E+00 +3.9243E-04
+1.2100E+02 +2.6637E+00 +2.6975E+00 +2.6971E+00 +4.0438E-04
+1.2200E+02 +2.8094E+00 +2.7441E+00 +2.7437E+00 +4.1671E-04
+1.2300E+02 +2.8568E+00 +2.7906E+00 +2.7902E+00 +4.2942E-04
+1.2400E+02 +2.8458E+00 +2.8368E+00 +2.8364E+00 +4.4253E-04
+1.2500E+02 +2.8471E+00 +2.8829E+00 +2.8824E+00 +4.5606E-04
+1.2600E+02 +2.9741E+00 +2.9287E+00 +2.9282E+00 +4.7000E-04
+1.2700E+02 +2.9381E+00 +2.9742E+00 +2.9737E+00 +4.8439E-04
+1.2800E+02 +3.0805E+00 +3.0194E+00 +3.0189E+00 +4.9922E-04
+1.2900E+02 +3.0761E+00 +3.0643E+00 +3.0637E+00 +5.1452E-04
+1.3000E+02 +3.0987E+00 +3.1088E+00 +3.1082E+00 +5.3031E-04
+1.3100E+02 +3.2219E+00 +3.1529E+00 +3.1523E+00 +5.4659E-04
+1.3200E+02 +3.1966E+00 +3.1966E+00 +3.1960E+00 +5.6338E-04
+1.3300E+02 +3.2680E+00 +3.2398E+00 +3.2392E+00 +5.8071E-04
+1.3400E+02 +3.3275E+00 +3.2826E+00 +3.2820E+00 +5.9858E-04
+1.3500E+02 +3.3430E+00 +3.3248E+00 +3.3242E+00 +6.1702E-04
+1.3600E+02 +3.4127E+00 +3.3665E+00 +3.3659E+00 +6.3604E-04
+1.3700E+02 +3.5244E+00 +3.4077E+00 +3.4070E+00 +6.5567E-04
+1.3800E+02 +3.5196E+00 +3.4483E+00 +3.4476E+00 +6.7592E-04
+1.3900E+02 +3.3961E+00 +3.4882E+00 +3.4875E+00 +6.9681E-04
+1.4000E+02 +3.5618E+00 +3.5275E+00 +3.5268E+00 +7.1837E-04
+1.4100E+02 +3.5444E+00 +3.5661E+00 +3.5654E+00 +7.4061E-04
+1.4200E+02 +3.6544E+00 +3.6041E+00 +3.6033E+00 +7.6357E-04
+1.4300E+02 +3.5765E+00 +3.6413E+00 +3.6405E+00 +7.8725E-04
+1.4400E+02 +3.6604E+00 +3.6777E+00 +3.6769E+00 +8.1170E-04
+1.4500E+02 +3.5802E+00 +3.7134E+00 +3.7126E+00 +8.3692E-04
+1.4600E+02 +3.7483E+00 +3.7483E+00 +3.7474E+00 +8.6296E-04
+1.4700E+02 +3.7214E+00 +3.7823E+00 +3.7815E+00 +8.8982E-04
+1.4800E+02 +3.8639E+00 +3.8156E+00 +3.8147E+00 +9.1755E-04
+1.4900E+02 +3.7403E+00 +3.8479E+00 +3.8470E+00 +9.4618E-04
+1.5000E+02 +3.7844E+00 +3.8794E+00 +3.8785E+00 +9.7572E-04
+1.5100E+02 +3.8767E+00 +3.9100E+00 +3.9090E+00 +1.0062E-03
+1.5200E+02 +3.8110E+00 +3.9397E+00 +3.9387E+00 +1.0377E-03
+1.5300E+02 +3.8684E+00 +3.9684E+00 +3.9674E+00 +1.0702E-03
+1.5400E+02 +4.0171E+00 +3.9962E+00 +3.9951E+00 +1.1037E-03
+1.5500E+02 +3.8910E+00 +4.0231E+00 +4.0219E+00 +1.1384E-03
+1.5600E+02 +3.9897E+00 +4.0489E+00 +4.0478E+00 +1.1741E-03
+1.5700E+02 +4.0534E+00 +4.0738E+00 +4.0726E+00 +1.2111E-03
+1.5800E+02 +3.9508E+00 +4.0977E+00 +4.0965E+00 +1.2492E-03
+1.5900E+02 +4.0385E+00 +4.1206E+00 +4.1193E+00 +1.2885E-03
+1.6000E+02 +4.1056E+00 +4.1425E+00 +4.1411E+00 +1.3292E-03
+1.6100E+02 +4.1402E+00 +4.1634E+00 +4.1620E+00 +1.3712E-03
+1.6200E+02 +4.1219E+00 +4.1832E+00 +4.1818E+00 +1.4145E-03
+1.6300E+02 +4.0915E+00 +4.2021E+00 +4.2006E+00 +1.4593E-03
+1.6400E+02 +4.1194E+00 +4.2199E+00 +4.2184E+00 +1.5055E-03
+1.6500E+02 +4.0971E+00 +4.2368E+00 +4.2352E+00 +1.5533E-03
+1.6600E+02 +4.1716E+00 +4.2526E+00 +4.2510E+00 +1.6026E-03
+1.6700E+02 +4.1034E+00 +4.2675E+00 +4.2658E+00 +1.6535E-03
+1.6800E+02 +4.2750E+00 +4.2813E+00 +4.2796E+00 +1.7062E-03
+1.6900E+02 +4.1915E+00 +4.2943E+00 +4.2925E+00 +1.7605E-03
+1.7000E+02 +4.2443E+00 +4.3062E+00 +4.3044E+00 +1.8167E-03
+1.7100E+02 +4.2719E+00 +4.3173E+00 +4.3154E+00 +1.8747E-03
+1.7200E+02 +4.2503E+00 +4.3274E+00 +4.3255E+00 +1.9347E-03
+1.7300E+02 +4.2683E+00 +4.3366E+00 +4.3346E+00 +1.9967E-03
+1.7400E+02 +4.3543E+00 +4.3450E+00 +4.3430E+00 +2.0607E-03
+1.7500E+02 +4.2745E+00 +4.3526E+00 +4.3504E+00 +2.1268E-03
+1.7600E+02 +4.3628E+00 +4.3593E+00 +4.3571E+00 +2.1952E-03
+1.7700E+02 +4.3056E+00 +4.3653E+00 +4.3630E+00 +2.2659E-03
+1.7800E+02 +4.3497E+00 +4.3705E+00 +4.3682E+00 +2.3389E-03
+1.7900E+02 +4.4055E+00 +4.3750E+00 +4.3726E+00 +2.4144E-03
+1.8000E+02 +4.3938E+00 +4.3789E+00 +4.3764E+00 +2.4924E-03
+1.8100E+02 +4.2855E+00 +4.3821E+00 +4.3795E+00 +2.5731E-03
+1.8200E+02 +4.3660E+00 +4.3848E+00 +4.3821E+00 +2.6564E-03
+1.8300E+02 +4.4041E+00 +4.3869E+00 +4.3841E+00 +2.7427E-03
+1.8400E+02 +4.3616E+00 +4.3885E+00 +4.3856E+00 +2.8318E-03
+1.8500E+02 +4.3191E+00 +4.3896E+00 +4.3867E+00 +2.9239E-03
+1.8600E+02 +4.4437E+00 +4.3903E+00 +4.3873E+00 +3.0192E-03
+1.8700E+02 +4.4003E+00 +4.3907E+00 +4.3876E+00 +3.1178E-03
+1.8800E+02 +4.3934E+00 +4.3907E+00 +4.3875E+00 +3.2197E-03
+1.8900E+02 +4.4294E+00 +4.3905E+00 +4.3872E+00 +3.3251E-03
+1.9000E+02 +4.4951E+00 +4.3900E+00 +4.3866E+00 +3.4342E-03
+1.9100E+02 +4.5197E+00 +4.3893E+00 +4.3858E+00 +3.5470E-03
+1.9200E+02 +4.3659E+00 +4.3885E+00 +4.3849E+00 +3.6637E-03
+1.9300E+02 +4.5008E+00 +4.3876E+00 +4.3838E+00 +3.7844E-03
+1.9400E+02 +4.4754E+00 +4.3866E+00 +4.3827E+00 +3.9093E-03
+1.9500E+02 +4.4062E+00 +4.3855E+00 +4.3815E+00 +4.0385E-03
+1.9600E+02 +4.4775E+00 +4.3845E+00 +4.3803E+00 +4.1722E-03
+1.9700E+02 +4.4927E+00 +4.3835E+00 +4.3792E+00 +4.3106E-03
+1.9800E+02 +4.4318E+00 +4.3826E+00 +4.3781E+00 +4.4538E-03
+1.9900E+02 +4.4901E+00 +4.3817E+00 +4.3771E+00 +4.6021E-03
+2.0000E+02 +4.4225E+00 +4.3809E+00 +4.3762E+00 +4.7556E-03
+2.0100E+02 +4.4577E+00 +4.3803E+00 +4.3754E+00 +4.9144E-03
+2.0200E+02 +4.5138E+00 +4.3798E+00 +4.3748E+00 +5.0789E-03
+2.0300E+02 +4.4168E+00 +4.3795E+00 +4.3743E+00 +5.2492E-03
+2.0400E+02 +4.5623E+00 +4.3794E+00 +4.3740E+00 +5.4256E-03
+2.0500E+02 +4.5155E+00 +4.3794E+00 +4.3738E+00 +5.6082E-03
+2.0600E+02 +4.4685E+00 +4.3796E+00 +4.3738E+00 +5.7973E-03
+2.0700E+02 +4.4800E+00 +4.3800E+00 +4.3740E+00 +5.9932E-03
+2.0800E+02 +4.4751E+00 +4.3805E+00 +4.3743E+00 +6.1961E-03
+2.0900E+02 +4.5415E+00 +4.3812E+00 +4.3748E+00 +6.4064E-03
+2.1000E+02 +4.5348E+00 +4.3821E+00 +4.3755E+00 +6.6242E-03
+2.1100E+02 +4.4852E+00 +4.3831E+00 +4.3762E+00 +6.8499E-03
+2.1200E+02 +4.5033E+00 +4.3842E+00 +4.3771E+00 +7.0838E-03
+2.1300E+02 +4.4116E+00 +4.3854E+00 +4.3781E+00 +7.3262E-03
+2.1400E+02 +4.4006E+00 +4.3867E+00 +4.3791E+00 +7.5775E-03
+2.1500E+02 +4.4644E+00 +4.3880E+00 +4.3802E+00 +7.8380E-03
+2.1600E+02 +4.4128E+00 +4.3894E+00 +4.3813E+00 +8.1080E-03
+2.1700E+02 +4.4791E+00 +4.3908E+00 +4.3824E+00 +8.3880E-03
+2.1800E+02 +4.4517E+00 +4.3922E+00 +4.3835E+00 +8.6784E-03
+2.1900E+02 +4.4685E+00 +4.3935E+00 +4.3845E+00 +8.9795E-03
+2.2000E+02 +4.4014E+00 +4.3947E+00 +4.3854E+00 +9.2919E-03
+2.2100E+02 +4.3723E+00 +4.3958E+00 +4.3862E+00 +9.6159E-03
+2.2200E+02 +4.3780E+00 +4.3968E+00 +4.3869E+00 +9.9521E-03
+2.2300E+02 +4.4312E+00 +4.3976E+00 +4.3873E+00 +1.0301E-02
+2.2400E+02 +4.4635E+00 +4.3982E+00 +4.3876E+00 +1.0663E-02
+2.2500E+02 +4.4377E+00 +4.3986E+00 +4.3876E+00 +1.1039E-02
+2.2600E+02 +4.3809E+00 +4.3987E+00 +4.3873E+00 +1.1429E-02
+2.2700E+02 +4.4737E+00 +4.3985E+00 +4.3867E+00 +1.1834E-02
+2.2800E+02 +4.4010E+00 +4.3981E+00 +4.3858E+00 +1.2254E-02
+2.2900E+02 +4.3687E+00 +4.3972E+00 +4.3845E+00 +1.2691E-02
+2.3000E+02 +4.3700E+00 +4.3960E+00 +4.3829E+00 +1.3144E-02
+2.3100E+02 +4.3452E+00 +4.3944E+00 +4.3808E+00 +1.3615E-02
+2.3200E+02 +4.3855E+00 +4.3924E+00 +4.3783E+00 +1.4105E-02
+2.3300E+02 +4.4108E+00 +4.3900E+00 +4.3754E+00 +1.4613E-02
+2.3400E+02 +4.3013E+00 +4.3871E+00 +4.3720E+00 +1.5142E-02
+2.3500E+02 +4.4039E+00 +4.3838E+00 +4.3681E+00 +1.5691E-02
+2.3600E+02 +4.3273E+00 +4.3799E+00 +4.3637E+00 +1.6263E-02
+2.3700E+02 +4.2946E+00 +4.3756E+00 +4.3588E+00 +1.6857E-02
+2.3800E+02 +4.3776E+00 +4.3708E+00 +4.3533E+00 +1.7474E-02
+2.3900E+02 +4.3478E+00 +4.3654E+00 +4.3473E+00 +1.8117E-02
+2.4000E+02 +4.2108E+00 +4.3595E+00 +4.3407E+00 +1.8786E-02
+2.4100E+02 +4.3443E+00 +4.3531E+00 +4.3336E+00 +1.9481E-02
+2.4200E+02 +4.2511E+00 +4.3461E+00 +4.3259E+00 +2.0205E-02
+2.4300E+02 +4.2838E+00 +4.3385E+00 +4.3176E+00 +2.0959E-02
+2.4400E+02 +4.2993E+00 +4.3304E+00 +4.3087E+00 +2.1744E-02
+2.4500E+02 +4.2550E+00 +4.3218E+00 +4.2992E+00 +2.2561E-02
+2.4600E+02 +4.1533E+00 +4.3126E+00 +4.2892E+00 +2.3413E-02
+2.4700E+02 +4.2025E+00 +4.3028E+00 +4.2785E+00 +2.4299E-02
+2.4800E+02 +4.1494E+00 +4.2925E+00 +4.2673E+00 +2.5224E-02
+2.4900E+02 +4.1722E+00 +4.2816E+00 +4.2555E+00 +2.6187E-02
+2.5000E+02 +4.1051E+00 +4.2702E+00 +4.2430E+00 +2.7191E-02
+2.5100E+02 +4.2310E+00 +4.2583E+00 +4.2300E+00 +2.8239E-02
+2.5200E+02 +4.1952E+00 +4.2458E+00 +4.2164E+00 +2.9331E-02
+2.5300E+02 +4.1165E+00 +4.2328E+00 +4.2023E+00 +3.0471E-02
+2.5400E+02 +4.0413E+00 +4.2192E+00 +4.1876E+00 +3.1660E-02
+2.5500E+02 +4.1180E+00 +4.2052E+00 +4.1723E+00 +3.2902E-02
+2.5600E+02 +4.1161E+00 +4.1906E+00 +4.1564E+00 +3.4198E-02
+2.5700E+02 +4.1177E+00 +4.1756E+00 +4.1400E+00 +3.5552E-02
+2.5800E+02 +4.0164E+00 +4.1601E+00 +4.1231E+00 +3.6967E-02
+2.5900E+02 +3.9686E+00 +4.1441E+00 +4.1056E+00 +3.8445E-02
+2.6000E+02 +3.9971E+00 +4.1277E+00 +4.0877E+00 +3.9990E-02
+2.6100E+02 +3.9931E+00 +4.1108E+00 +4.0692E+00 +4.1606E-02
+2.6200E+02 +4.1179E+00 +4.0935E+00 +4.0502E+00 +4.3296E-02
+2.6300E+02 +4.0525E+00 +4.0758E+00 +4.0307E+00 +4.5065E-02
+2.6400E+02 +4.0175E+00 +4.0577E+00 +4.0108E+00 +4.6918E-02
+2.6500E+02 +3.9335E+00 +4.0393E+00 +3.9904E+00 +4.8859E-02
+2.6600E+02 +3.8785E+00 +4.0204E+00 +3.9695E+00 +5.0894E-02
+2.6700E+02 +3.9067E+00 +4.0013E+00 +3.9483E+00 +5.3030E-02
+2.6800E+02 +3.9204E+00 +3.9818E+00 +3.9265E+00 +5.5276E-02
+2.6900E+02 +3.8863E+00 +3.9621E+00 +3.9044E+00 +5.7639E-02
+2.7000E+02 +3.8576E+00 +3.9420E+00 +3.8819E+00 +6.0133E-02
+2.7100E+02 +3.9309E+00 +3.9217E+00 +3.8590E+00 +6.2770E-02
+2.7200E+02 +3.8058E+00 +3.9012E+00 +3.8357E+00 +6.5568E-02
+2.7300E+02 +3.7812E+00 +3.8806E+00 +3.8120E+00 +6.8549E-02
+2.7400E+02 +3.8230E+00 +3.8598E+00 +3.7880E+00 +7.1740E-02
+2.7500E+02 +3.7772E+00 +3.8389E+00 +3.7637E+00 +7.5177E-02
+2.7600E+02 +3.7950E+00 +3.8179E+00 +3.7390E+00 +7.8901E-02
+2.7700E+02 +3.7670E+00 +3.7970E+00 +3.7141E+00 +8.2966E-02
+2.7800E+02 +3.8004E+00 +3.7762E+00 +3.6888E+00 +8.7438E-02
+2.7900E+02 +3.7430E+00 +3.7556E+00 +3.6632E+00 +9.2397E-02
+2.8000E+02 +3.7618E+00 +3.7354E+00 +3.6374E+00 +9.7941E-02
+2.8100E+02 +3.7409E+00 +3.7155E+00 +3.6113E+00 +1.0419E-01
+2.8200E+02 +3.7077E+00 +3.6963E+00 +3.5850E+00 +1.1127E-01
+2.8300E+02 +3.7235E+00 +3.6778E+00 +3.5584E+00 +1.1936E-01
+2.8400E+02 +3.7339E+00 +3.6603E+00 +3.5317E+00 +1.2864E-01
+2.8500E+02 +3.6268E+00 +3.6440E+00 +3.5047E+00 +1.3933E-01
+2.8600E+02 +3.7848E+00 +3.6291E+00 +3.4775E+00 +1.5167E-01
+2.8700E+02 +3.7705E+00 +3.6160E+00 +3.4501E+00 +1.6593E-01
+2.8800E+02 +3.7653E+00 +3.6049E+00 +3.4225E+00 +1.8242E-01
+2.8900E+02 +3.7853E+00 +3.5963E+00 +3.3948E+00 +2.0146E-01
+2.9000E+02 +3.7860E+00 +3.5903E+00 +3.3669E+00 +2.2342E-01
+2.9100E+02 +3.6564E+00 +3.5876E+00 +3.3389E+00 +2.4866E-01
+2.9200E+02 +3.7551E+00 +3.5884E+00 +3.3108E+00 +2.7758E-01
+2.9300E+02 +3.7987E+00 +3.5931E+00 +3.2825E+00 +3.1061E-01
+2.9400E+02 +3.7715E+00 +3.6023E+00 +3.2541E+00 +3.4815E-01
+2.9500E+02 +3.9042E+00 +3.6163E+00 +3.2257E+00 +3.9063E-01
+2.9600E+02 +3.7763E+00 +3.6356E+00 +3.1971E+00 +4.3847E-01
+2.9700E+02 +3.8678E+00 +3.6606E+00 +3.1685E+00 +4.9208E-01
+2.9800E+02 +3.8397E+00 +3.6916E+00 +3.1398E+00 +5.5186E-01
+2.9900E+02 +3.9209E+00 +3.7292E+00 +3.1110E+00 +6.1816E-01
+3.0000E+02 +3.9337E+00 +3.7735E+00 +3.0822E+00 +6.9132E-01
+3.0100E+02 +3.9436E+00 +3.8250E+00 +3.0533E+00 +7.7163E-01
+3.0200E+02 +4.0025E+00 +3.8838E+00 +3.0244E+00 +8.5935E-01
+3.0300E+02 +4.0393E+00 +3.9502E+00 +2.9955E+00 +9.5466E-01
+3.0400E+02 +4.1756E+00 +4.0243E+00 +2.9666E+00 +1.0577E+00
+3.0500E+02 +4.0283E+00 +4.1063E+00 +2.9377E+00 +1.1686E+00
+3.0600E+02 +4.1992E+00 +4.1961E+00 +2.9087E+00 +1.2873E+00
+3.0700E+02 +4.2436E+00 +4.2937E+00 +2.8798E+00 +1.4139E+00
+3.0800E+02 +4.4616E+00 +4.3990E+00 +2.8509E+00 +1.5481E+00
+3.0900E+02 +4.5457E+00 +4.5119E+00 +2.8220E+00 +1.6899E+00
+3.1000E+02 +4.5663E+00 +4.6321E+00 +2.7932E+00 +1.8390E+00
+3.1100E+02 +4.7502E+00 +4.7595E+00 +2.7644E+00 +1.9951E+00
+3.1200E+02 +4.8029E+00 +4.8936E+00 +2.7356E+00 +2.1580E+00
+3.1300E+02 +4.8254E+00 +5.0341E+00 +2.7069E+00 +2.3272E+00
+3.1400E+02 +5.0499E+00 +5.1806E+00 +2.6783E+00 +2.5024E+00
+3.1500E+02 +5.1488E+00 +5.3327E+00 +2.6497E+00 +2.6830E+00
+3.1600E+02 +5.3562E+00 +5.4899E+00 +2.6212E+00 +2.8688E+00
+3.1700E+02 +5.4710E+00 +5.6518E+00 +2.5927E+00 +3.0591E+00
+3.1800E+02 +5.6161E+00 +5.8179E+00 +2.5644E+00 +3.2535E+00
+3.1900E+02 +5.8059E+00 +5.9876E+00 +2.5361E+00 +3.4515E+00
+3.2000E+02 +6.0573E+00 +6.1606E+00 +2.5080E+00 +3.6526E+00
+3.2100E+02 +6.2048E+00 +6.3362E+00 +2.4799E+00 +3.8563E+00
+3.2200E+02 +6.3963E+00 +6.5141E+00 +2.4520E+00 +4.0622E+00
+3.2300E+02 +6.6279E+00 +6.6938E+00 +2.4241E+00 +4.2697E+00
+3.2400E+02 +6.8821E+00 +6.8747E+00 +2.3964E+00 +4.4783E+00
+3.2500E+02 +6.9566E+00 +7.0564E+00 +2.3688E+00 +4.6876E+00
+3.2600E+02 +7.1273E+00 +7.2384E+00 +2.3413E+00 +4.8971E+00
+3.2700E+02 +7.4683E+00 +7.4201E+00 +2.3139E+00 +5.1062E+00
+3.2800E+02 +7.5858E+00 +7.6010E+00 +2.2867E+00 +5.3143E+00
+3.2900E+02 +7.8482E+00 +7.7803E+00 +2.2596E+00 +5.5207E+00
+3.3000E+02 +7.9787E+00 +7.9574E+00 +2.2327E+00 +5.7247E+00
+3.3100E+02 +8.1730E+00 +8.1312E+00 +2.2059E+00 +5.9253E+00
+3.3200E+02 +8.5225E+00 +8.3008E+00 +2.1793E+00 +6.1216E+00
+3.3300E+02 +8.6889E+00 +8.4650E+00 +2.1528E+00 +6.3122E+00
+3.3400E+02 +8.7500E+00 +8.6222E+00 +2.1264E+00 +6.4958E+00
+3.3500E+02 +8.9656E+00 +8.7711E+00 +2.1002E+00 +6.6709E+00
+3.3600E+02 +8.9948E+00 +8.9098E+00 +2.0742E+00 +6.8355E+00
+3.3700E+02 +9.0882E+00 +9.0364E+00 +2.0484E+00 +6.9880E+00
+3.3800E+02 +9.2686E+00 +9.1490E+00 +2.0227E+00 +7.1263E+00
+3.3900E+02 +9.4051E+00 +9.2457E+00 +1.9971E+00 +7.2486E+00
+3.4000E+02 +9.4464E+00 +9.3248E+00 +1.9718E+00 +7.3530E+00
+3.4100E+02 +9.4895E+00 +9.3846E+00 +1.9466E+00 +7.4380E+00
+3.4200E+02 +9.4142E+00 +9.4240E+00 +1.9216E+00 +7.5024E+00
+3.4300E+02 +9.3799E+00 +9.4421E+00 +1.8968E+00 +7.5453E+00
+3.4400E+02 +9.3979E+00 +9.4388E+00 +1.8722E+00 +7.5667E+00
+3.4500E+02 +9.2513E+00 +9.4142E+00 +1.8477E+00 +7.5665E+00
+3.4600E+02 +9.2680E+00 +9.3691E+00 +1.8234E+00 +7.5456E+00
+3.4700E+02 +9.1720E+00 +9.3045E+00 +1.7993E+00 +7.5052E+00
+3.4800E+02 +9.0565E+00 +9.2221E+00 +1.7754E+00 +7.4466E+00
+3.4900E+02 +9.0395E+00 +9.1236E+00 +1.7517E+00 +7.3718E+00
+3.5000E+02 +8.9717E+00 +9.0109E+00 +1.7282E+00 +7.2827E+00
+3.5100E+02 +8.8851E+00 +8.8860E+00 +1.7049E+00 +7.1811E+00
+3.5200E+02 +8.7539E+00 +8.7509E+00 +1.6818E+00 +7.0692E+00
+3.5300E+02 +8.5635E+00 +8.6074E+00 +1.6588E+00 +6.9486E+00
+3.5400E+02 +8.4099E+00 +8.4573E+00 +1.6361E+00 +6.8212E+00
+3.5500E+02 +8.1988E+00 +8.3019E+00 +1.6135E+00 +6.6884E+00
+3.5600E+02 +8.1024E+00 +8.1428E+00 +1.5912E+00 +6.5516E+00
+3.5700E+02 +7.9046E+00 +7.9810E+00 +1.5690E+00 +6.4120E+00
+3.5800E+02 +7.8132E+00 +7.8176E+00 +1.5471E+00 +6.2706E+00
+3.5900E+02 +7.7125E+00 +7.6534E+00 +1.5253E+00 +6.1281E+00
+3.6000E+02 +7.5031E+00 +7.4891E+00 +1.5038E+00 +5.9853E+00
+3.6100E+02 +7.3909E+00 +7.3252E+00 +1.4824E+00 +5.8427E+00
+3.6200E+02 +7.1655E+00 +7.1621E+00 +1.4612E+00 +5.7009E+00
+3.6300E+02 +7.0290E+00 +7.0004E+00 +1.4403E+00 +5.5601E+00
+3.6400E+02 +6.8477E+00 +6.8402E+00 +1.4195E+00 +5.4207E+00
+3.6500E+02 +6.8081E+00 +6.6819E+00 +1.3990E+00 +5.2829E+00
+3.6600E+02 +6.5175E+00 +6.5255E+00 +1.3786E+00 +5.1469E+00
+3.6700E+02 +6.3680E+00 +6.3712E+00 +1.3585E+00 +5.0128E+00
+3.6800E+02 +6.2768E+00 +6.2193E+00 +1.3385E+00 +4.8807E+00
+3.6900E+02 +6.1550E+00 +6.0696E+00 +1.3188E+00 +4.7509E+00
+3.7000E+02 +6.0662E+00 +5.9224E+00 +1.2992E+00 +4.6232E+00
+3.7100E+02 +5.8451E+00 +5.7777E+00 +1.2799E+00 +4.4978E+00
+3.7200E+02 +5.7081E+00 +5.6354E+00 +1.2607E+00 +4.3747E+00
+3.7300E+02 +5.4853E+00 +5.4957E+00 +1.2417E+00 +4.2540E+00
+3.7400E+02 +5.3620E+00 +5.3586E+00 +1.2230E+00 +4.1356E+00
+3.7500E+02 +5.2986E+00 +5.2241E+00 +1.2044E+00 +4.0196E+00
+3.7600E+02 +5.0981E+00 +5.0921E+00 +1.1861E+00 +3.9060E+00
+3.7700E+02 +4.9637E+00 +4.9628E+00 +1.1679E+00 +3.7948E+00
+3.7800E+02 +4.8228E+00 +4.8360E+00 +1.1500E+00 +3.6860E+00
+3.7900E+02 +4.8152E+00 +4.7118E+00 +1.1322E+00 +3.5796E+00
+3.8000E+02 +4.6023E+00 +4.5902E+00 +1.1146E+00 +3.4756E+00
+3.8100E+02 +4.4830E+00 +4.4711E+00 +1.0972E+00 +3.3739E+00
+3.8200E+02 +4.2724E+00 +4.3547E+00 +1.0801E+00 +3.2746E+00
+3.8300E+02 +4.2509E+00 +4.2407E+00 +1.0631E+00 +3.1776E+00
+3.8400E+02 +4.0062E+00 +4.1293E+00 +1.0463E+00 +3.0830E+00
+3.8500E+02 +3.9990E+00 +4.0203E+00 +1.0297E+00 +2.9907E+00
+3.8600E+02 +3.8464E+00 +3.9139E+00 +1.0133E+00 +2.9006E+00
+3.8700E+02 +3.7882E+00 +3.8099E+00 +9.9705E-01 +2.8128E+00
+3.8800E+02 +3.6796E+00 +3.7083E+00 +9.8102E-01 +2.7273E+00
+3.8900E+02 +3.5846E+00 +3.6091E+00 +9.6517E-01 +2.6439E+00
+3.9000E+02 +3.4690E+00 +3.5123E+00 +9.4952E-01 +2.5628E+00
+3.9100E+02 +3.3990E+00 +3.4178E+00 +9.3405E-01 +2.4838E+00
+3.9200E+02 +3.2481E+00 +3.3256E+00 +9.1876E-01 +2.4069E+00
+3.9300E+02 +3.1638E+00 +3.2357E+00 +9.0366E-01 +2.3321E+00
+3.9400E+02 +3.1128E+00 +3.1480E+00 +8.8874E-01 +2.2593E+00
+3.9500E+02 +3.0045E+00 +3.0626E+00 +8.7400E-01 +2.1886E+00
+3.9600E+02 +2.9657E+00 +2.9793E+00 +8.5944E-01 +2.1198E+00
+3.9700E+02 +2.8908E+00 +2.8981E+00 +8.4506E-01 +2.0530E+00
+3.9800E+02 +2.8322E+00 +2.8190E+00 +8.3086E-01 +1.9882E+00
+3.9900E+02 +2.7829E+00 +2.7420E+00 +8.1684E-01 +1.9252E+00
+4.0000E+02 +2.6517E+00 +2.6670E+00 +8.0299E-01 +1.8640E+00
+4.0100E+02 +2.5808E+00 +2.5940E+00 +7.8932E-01 +1.8046E+00
+4.0200E+02 +2.5527E+00 +2.5229E+00 +7.7582E-01 +1.7470E+00
+4.0300E+02 +2.5010E+00 +2.4537E+00 +7.6249E-01 +1.6912E+00
+4.0400E+02 +2.3706E+00 +2.3863E+00 +7.4933E-01 +1.6370E+00
+4.0500E+02 +2.3749E+00 +2.3208E+00 +7.3634E-01 +1.5844E+00
+4.0600E+02 +2.2945E+00 +2.2570E+00 +7.2352E-01 +1.5335E+00
+4.0700E+02 +2.1925E+00 +2.1950E+00 +7.1087E-01 +1.4842E+00
+4.0800E+02 +2.1275E+00 +2.1347E+00 +6.9838E-01 +1.4363E+00
+4.0900E+02 +2.0551E+00 +2.0761E+00 +6.8605E-01 +1.3900E+00
+4.1000E+02 +2.0808E+00 +2.0190E+00 +6.7389E-01 +1.3452E+00
+4.1100E+02 +1.9323E+00 +1.9636E+00 +6.6189E-01 +1.3017E+00
+4.1200E+02 +1.9328E+00 +1.9097E+00 +6.5004E-01 +1.2597E+00
+4.1300E+02 +1.7939E+00 +1.8573E+00 +6.3836E-01 +1.2189E+00
+4.1400E+02 +1.7326E+00 +1.8064E+00 +6.2683E-01 +1.1796E+00
+4.1500E+02 +1.8345E+00 +1.7569E+00 +6.1546E-01 +1.1414E+00
+4.1600E+02 +1.7064E+00 +1.7088E+00 +6.0424E-01 +1.1046E+00
+4.1700E+02 +1.6948E+00 +1.6621E+00 +5.9318E-01 +1.0689E+00
+4.1800E+02 +1.6892E+00 +1.6167E+00 +5.8226E-01 +1.0344E+00
+4.1900E+02 +1.5821E+00 +1.5725E+00 +5.7150E-01 +1.0010E+00
+4.2000E+02 +1.5418E+00 +1.5297E+00 +5.6088E-01 +9.6879E-01
+4.2100E+02 +1.4661E+00 +1.4880E+00 +5.5042E-01 +9.3761E-01
+4.2200E+02 +1.3905E+00 +1.4476E+00 +5.4009E-01 +9.0748E-01
+4.2300E+02 +1.4798E+00 +1.4083E+00 +5.2991E-01 +8.7836E-01
+4.2400E+02 +1.3886E+00 +1.3701E+00 +5.1988E-01 +8.5023E-01
+4.2500E+02 +1.4151E+00 +1.3330E+00 +5.0998E-01 +8.2305E-01
+4.2600E+02 +1.3331E+00 +1.2970E+00 +5.0023E-01 +7.9679E-01
+4.2700E+02 +1.3293E+00 +1.2620E+00 +4.9061E-01 +7.7142E-01
+4.2800E+02 +1.3001E+00 +1.2281E+00 +4.8113E-01 +7.4693E-01
+4.2900E+02 +1.2674E+00 +1.1951E+00 +4.7179E-01 +7.2327E-01
+4.3000E+02 +1.1505E+00 +1.1630E+00 +4.6258E-01 +7.0043E-01
+4.3100E+02 +1.2360E+00 +1.1319E+00 +4.5350E-01 +6.7837E-01
+4.3200E+02 +1.0599E+00 +1.1016E+00 +4.4455E-01 +6.5708E-01
+4.3300E+02 +1.0516E+00 +1.0723E+00 +4.3574E-01 +6.3653E-01
+4.3400E+02 +1.1031E+00 +1.0437E+00 +4.2705E-01 +6.1669E-01
+4.3500E+02 +1.0122E+00 +1.0160E+00 +4.1849E-01 +5.9755E-01
+4.3600E+02 +9.8608E-01 +9.8913E-01 +4.1006E-01 +5.7907E-01
+4.3700E+02 +1.0060E+00 +9.6299E-01 +4.0175E-01 +5.6124E-01
+4.3800E+02 +9.5278E-01 +9.3760E-01 +3.9356E-01 +5.4404E-01
+4.3900E+02 +9.5058E-01 +9.1293E-01 +3.8549E-01 +5.2744E-01
+4.4000E+02 +8.5942E-01 +8.8898E-01 +3.7755E-01 +5.1143E-01
+4.4100E+02 +8.5873E-01 +8.6570E-01 +3.6972E-01 +4.9598E-01
+4.4200E+02 +8.3460E-01 +8.4309E-01 +3.6201E-01 +4.8108E-01
+4.4300E+02 +8.7007E-01 +8.2112E-01 +3.5442E-01 +4.6671E-01
+4.4400E+02 +8.5045E-01 +7.9978E-01 +3.4694E-01 +4.5284E-01
+4.4500E+02 +7.7742E-01 +7.7904E-01 +3.3957E-01 +4.3947E-01
+4.4600E+02 +7.7623E-01 +7.5890E-01 +3.3232E-01 +4.2658E-01
+4.4700E+02 +7.4519E-01 +7.3932E-01 +3.2518E-01 +4.1414E-01
+4.4800E+02 +7.9939E-01 +7.2029E-01 +3.1814E-01 +4.0215E-01
+4.4900E+02 +7.0884E-01 +7.0180E-01 +3.1122E-01 +3.9058E-01
+4.5000E+02 +7.1440E-01 +6.8383E-01 +3.0440E-01 +3.7943E-01
+4.5100E+02 +6.6371E-01 +6.6637E-01 +2.9769E-01 +3.6868E-01
+4.5200E+02 +6.4057E-01 +6.4939E-01 +2.9108E-01 +3.5831E-01
+4.5300E+02 +6.8957E-01 +6.3289E-01 +2.8457E-01 +3.4831E-01
+4.5400E+02 +6.6759E-01 +6.1684E-01 +2.7817E-01 +3.3867E-01
+4.5500E+02 +6.3615E-01 +6.0125E-01 +2.7187E-01 +3.2938E-01
+4.5600E+02 +5.5256E-01 +5.8608E-01 +2.6566E-01 +3.2042E-01
+4.5700E+02 +5.6124E-01 +5.7133E-01 +2.5956E-01 +3.1178E-01
+4.5800E+02 +6.6133E-01 +5.5699E-01 +2.5355E-01 +3.0345E-01
+4.5900E+02 +6.0930E-01 +5.4305E-01 +2.4763E-01 +2.9542E-01
+4.6000E+02 +4.1026E-01 +5.2948E-01 +2.4181E-01 +2.8767E-01
+4.6100E+02 +5.8578E-01 +5.1629E-01 +2.3608E-01 +2.8021E-01
+4.6200E+02 +5.8205E-01 +5.0346E-01 +2.3045E-01 +2.7301E-01
+4.6300E+02 +4.0940E-01 +4.9097E-01 +2.2490E-01 +2.6607E-01
+4.6400E+02 +5.1596E-01 +4.7882E-01 +2.1945E-01 +2.5937E-01
+4.6500E+02 +5.5964E-01 +4.6700E-01 +2.1408E-01 +2.5292E-01
+4.6600E+02 +4.4357E-01 +4.5550E-01 +2.0880E-01 +2.4670E-01
+4.6700E+02 +4.7844E-01 +4.4430E-01 +2.0360E-01 +2.4070E-01
+4.6800E+02 +5.1571E-01 +4.3340E-01 +1.9849E-01 +2.3491E-01
+4.6900E+02 +4.7219E-01 +4.2279E-01 +1.9347E-01 +2.2933E-01
+4.7000E+02 +3.7363E-01 +4.1247E-01 +1.8852E-01 +2.2394E-01
+4.7100E+02 +3.7460E-01 +4.0241E-01 +1.8366E-01 +2.1875E-01
+4.7200E+02 +3.2420E-01 +3.9262E-01 +1.7888E-01 +2.1374E-01
+4.7300E+02 +4.0686E-01 +3.8309E-01 +1.7418E-01 +2.0891E-01
+4.7400E+02 +3.7193E-01 +3.7380E-01 +1.6955E-01 +2.0425E-01
+4.7500E+02 +3.7155E-01 +3.6475E-01 +1.6501E-01 +1.9975E-01
+4.7600E+02 +3.3685E-01 +3.5594E-01 +1.6053E-01 +1.9541E-01
+4.7700E+02 +3.6033E-01 +3.4736E-01 +1.5614E-01 +1.9122E-01
+4.7800E+02 +3.8658E-01 +3.3899E-01 +1.5182E-01 +1.8718E-01
+4.7900E+02 +3.2161E-01 +3.3084E-01 +1.4757E-01 +1.8328E-01
+4.8000E+02 +2.7969E-01 +3.2290E-01 +1.4339E-01 +1.7951E-01
+4.8100E+02 +4.3382E-01 +3.1516E-01 +1.3928E-01 +1.7587E-01
+4.8200E+02 +3.1395E-01 +3.0761E-01 +1.3524E-01 +1.7236E-01
+4.8300E+02 +2.9123E-01 +3.0025E-01 +1.3128E-01 +1.6897E-01
+4.8400E+02 +2.7167E-01 +2.9307E-01 +1.2738E-01 +1.6570E-01
+4.8500E+02 +2.5805E-01 +2.8608E-01 +1.2354E-01 +1.6253E-01
+4.8600E+02 +2.8755E-01 +2.7925E-01 +1.1978E-01 +1.5947E-01
+4.8700E+02 +2.1060E-01 +2.7259E-01 +1.1607E-01 +1.5652E-01
+4.8800E+02 +1.9510E-01 +2.6610E-01 +1.1244E-01 +1.5367E-01
+4.8900E+02 +2.1283E-01 +2.5977E-01 +1.0886E-01 +1.5091E-01
+4.9000E+02 +2.3589E-01 +2.5359E-01 +1.0535E-01 +1.4824E-01
+4.9100E+02 +1.8218E-01 +2.4755E-01 +1.0190E-01 +1.4566E-01
+4.9200E+02 +2.5878E-01 +2.4167E-01 +9.8508E-02 +1.4316E-01
+4.9300E+02 +2.1906E-01 +2.3592E-01 +9.5177E-02 +1.4075E-01
+4.9400E+02 +1.7910E-01 +2.3031E-01 +9.1905E-02 +1.3841E-01
+4.9500E+02 +1.7842E-01 +2.2484E-01 +8.8691E-02 +1.3615E-01
+4.9600E+02 +2.2068E-01 +2.1949E-01 +8.5534E-02 +1.3396E-01
+4.9700E+02 +2.1592E-01 +2.1427E-01 +8.2432E-02 +1.3184E-01
+4.9800E+02 +6.7830E-02 +2.0917E-01 +7.9387E-02 +1.2978E-01
+4.9900E+02 +2.1712E-01 +2.0419E-01 +7.6395E-02 +1.2779E-01
+5.0000E+02 +2.0011E-01 +1.9932E-01 +7.3458E-02 +1.2587E-01
+5.0100E+02 +1.0521E-01 +1.9457E-01 +7.0573E-02 +1.2400E-01
+5.0200E+02 +2.0227E-01 +1.8993E-01 +6.7741E-02 +1.2219E-01
+5.0300E+02 +1.0701E-01 +1.8539E-01 +6.4959E-02 +1.2043E-01
+5.0400E+02 +1.1801E-01 +1.8095E-01 +6.2229E-02 +1.1872E-01
+5.0500E+02 +9.4370E-02 +1.7662E-01 +5.9548E-02 +1.1707E-01
+5.0600E+02 +7.7260E-02 +1.7238E-01 +5.6916E-02 +1.1546E-01
+5.0700E+02 +1.8879E-01 +1.6823E-01 +5.4332E-02 +1.1390E-01
+5.0800E+02 +5.2810E-02 +1.6418E-01 +5.1796E-02 +1.1239E-01
+5.0900E+02 +1.4882E-01 +1.6022E-01 +4.9307E-02 +1.1092E-01
+5.1000E+02 +5.4670E-02 +1.5635E-01 +4.6863E-02 +1.0949E-01
+5.1100E+02 +8.2970E-02 +1.5256E-01 +4.4465E-02 +1.0810E-01
+5.1200E+02 +9.9300E-03 +1.4885E-01 +4.2112E-02 +1.0674E-01
+5.1300E+02 +1.6967E-01 +1.4523E-01 +3.9803E-02 +1.0543E-01
+5.1400E+02 +6.5550E-02 +1.4168E-01 +3.7537E-02 +1.0415E-01
+5.1500E+02 +7.2910E-02 +1.3821E-01 +3.5313E-02 +1.0290E-01
+5.1600E+02 +6.6990E-02 +1.3482E-01 +3.3132E-02 +1.0169E-01
+5.1700E+02 -4.9010E-02 +1.3149E-01 +3.0992E-02 +1.0050E-01
+5.1800E+02 +8.4530E-02 +1.2824E-01 +2.8892E-02 +9.9350E-02
+5.1900E+02 +1.1058E-01 +1.2506E-01 +2.6832E-02 +9.8227E-02
+5.2000E+02 +1.1700E-03 +1.2194E-01 +2.4812E-02 +9.7131E-02
+5.2100E+02 +9.8180E-02 +1.1889E-01 +2.2831E-02 +9.6062E-02
+5.2200E+02 +3.7210E-02 +1.1591E-01 +2.0887E-02 +9.5019E-02
+5.2300E+02 +1.0253E-01 +1.1298E-01 +1.8981E-02 +9.4001E-02
+5.2400E+02 -7.9400E-03 +1.1012E-01 +1.7112E-02 +9.3006E-02
+5.2500E+02 -2.1950E-02 +1.0731E-01 +1.5279E-02 +9.2035E-02
+5.2600E+02 +7.2490E-02 +1.0457E-01 +1.3482E-02 +9.1085E-02
+5.2700E+02 -5.4690E-02 +1.0188E-01 +1.1721E-02 +9.0157E-02
+5.2800E+02 +7.2010E-02 +9.9243E-02 +9.9934E-03 +8.9249E-02
+5.2900E+02 -5.5100E-03 +9.6662E-02 +8.3001E-03 +8.8362E-02
+5.3000E+02 +8.7880E-02 +9.4133E-02 +6.6403E-03 +8.7493E-02
+5.3100E+02 +6.2800E-02 +9.1656E-02 +5.0135E-03 +8.6642E-02
+5.3200E+02 +8.5440E-02 +8.9228E-02 +3.4190E-03 +8.5809E-02
+5.3300E+02 -5.8000E-04 +8.6850E-02 +1.8564E-03 +8.4993E-02
+5.3400E+02 +1.3730E-02 +8.4519E-02 +3.2507E-04 +8.4194E-02
+5.3500E+02 -4.6100E-03 +8.2235E-02 -1.1754E-03 +8.3410E-02
+5.3600E+02 -8.5280E-02 +7.9996E-02 -2.6456E-03 +8.2641E-02
+5.3700E+02 -9.5500E-03 +7.7802E-02 -4.0859E-03 +8.1888E-02
+5.3800E+02 -5.2140E-02 +7.5651E-02 -5.4970E-03 +8.1148E-02
+5.3900E+02 -8.2000E-03 +7.3543E-02 -6.8792E-03 +8.0422E-02
+5.4000E+02 -2.0440E-02 +7.1477E-02 -8.2331E-03 +7.9710E-02
+5.4100E+02 +2.1900E-02 +6.9451E-02 -9.5591E-03 +7.9010E-02
+5.4200E+02 -8.0100E-03 +6.7465E-02 -1.0858E-02 +7.8322E-02
+5.4300E+02 -7.3250E-02 +6.5517E-02 -1.2129E-02 +7.7647E-02
+5.4400E+02 +7.4000E-03 +6.3608E-02 -1.3374E-02 +7.6983E-02
+5.4500E+02 -6.9170E-02 +6.1736E-02 -1.4594E-02 +7.6330E-02
+5.4600E+02 -6.3260E-02 +5.9901E-02 -1.5787E-02 +7.5688E-02
+5.4700E+02 -2.7540E-02 +5.8101E-02 -1.6955E-02 +7.5056E-02
+5.4800E+02 -1.1839E-01 +5.6336E-02 -1.8099E-02 +7.4435E-02
+5.4900E+02 -7.3170E-02 +5.4605E-02 -1.9218E-02 +7.3823E-02
+5.5000E+02 -3.4000E-03 +5.2908E-02 -2.0314E-02 +7.3221E-02
+5.5100E+02 -7.2480E-02 +5.1243E-02 -2.1385E-02 +7.2628E-02
+5.5200E+02 -9.3710E-02 +4.9610E-02 -2.2434E-02 +7.2045E-02
+5.5300E+02 -2.4670E-02 +4.8009E-02 -2.3460E-02 +7.1469E-02
+5.5400E+02 +1.0810E-02 +4.6439E-02 -2.4464E-02 +7.0902E-02
+5.5500E+02 -3.5480E-02 +4.4898E-02 -2.5446E-02 +7.0344E-02
+5.5600E+02 -1.3300E-01 +4.3387E-02 -2.6406E-02 +6.9793E-02
+5.5700E+02 -6.2640E-02 +4.1905E-02 -2.7345E-02 +6.9250E-02
+5.5800E+02 -1.1451E-01 +4.0451E-02 -2.8263E-02 +6.8714E-02
+5.5900E+02 -7.0600E-03 +3.9025E-02 -2.9161E-02 +6.8186E-02
+5.6000E+02 -6.1970E-02 +3.7626E-02 -3.0039E-02 +6.7665E-02
+5.6100E+02 -7.1470E-02 +3.6254E-02 -3.0897E-02 +6.7151E-02
+5.6200E+02 -9.7210E-02 +3.4908E-02 -3.1735E-02 +6.6643E-02
+5.6300E+02 -6.7470E-02 +3.3588E-02 -3.2555E-02 +6.6142E-02
+5.6400E+02 -9.8020E-02 +3.2292E-02 -3.3355E-02 +6.5648E-02
+5.6500E+02 -6.2380E-02 +3.1021E-02 -3.4138E-02 +6.5159E-02
+5.6600E+02 -1.0098E-01 +2.9775E-02 -3.4902E-02 +6.4677E-02
+5.6700E+02 -3.7650E-02 +2.8552E-02 -3.5649E-02 +6.4201E-02
+5.6800E+02 +1.5850E-02 +2.7352E-02 -3.6378E-02 +6.3730E-02
+5.6900E+02 -1.7220E-02 +2.6175E-02 -3.7090E-02 +6.3265E-02
+5.7000E+02 -3.4790E-02 +2.5020E-02 -3.7785E-02 +6.2805E-02
+5.7100E+02 -7.6970E-02 +2.3888E-02 -3.8464E-02 +6.2351E-02
+5.7200E+02 -2.6610E-02 +2.2776E-02 -3.9126E-02 +6.1903E-02
+5.7300E+02 +5.0850E-02 +2.1686E-02 -3.9773E-02 +6.1459E-02
+5.7400E+02 -1.9370E-02 +2.0617E-02 -4.0404E-02 +6.1020E-02
+5.7500E+02 -1.2350E-02 +1.9567E-02 -4.1019E-02 +6.0587E-02
+5.7600E+02 -3.9430E-02 +1.8538E-02 -4.1620E-02 +6.0158E-02
+5.7700E+02 +1.1600E-02 +1.7528E-02 -4.2206E-02 +5.9734E-02
+5.7800E+02 -5.0810E-02 +1.6538E-02 -4.2777E-02 +5.9314E-02
+5.7900E+02 -4.1600E-03 +1.5566E-02 -4.3334E-02 +5.8899E-02
+5.8000E+02 -1.0564E-01 +1.4612E-02 -4.3877E-02 +5.8489E-02
+5.8100E+02 -9.5210E-02 +1.3677E-02 -4.4406E-02 +5.8083E-02
+5.8200E+02 -4.0090E-02 +1.2760E-02 -4.4921E-02 +5.7681E-02
+5.8300E+02 -6.6890E-02 +1.1860E-02 -4.5424E-02 +5.7283E-02
+5.8400E+02 -5.8960E-02 +1.0977E-02 -4.5913E-02 +5.6890E-02
+5.8500E+02 -1.1511E-01 +1.0111E-02 -4.6389E-02 +5.6500E-02
+5.8600E+02 -1.6120E-01 +9.2615E-03 -4.6854E-02 +5.6115E-02
+5.8700E+02 -7.9650E-02 +8.4282E-03 -4.7305E-02 +5.5733E-02
+5.8800E+02 +5.7110E-02 +7.6109E-03 -4.7745E-02 +5.5356E-02
+5.8900E+02 +2.3370E-02 +6.8092E-03 -4.8173E-02 +5.4982E-02
+5.9000E+02 +7.1480E-02 +6.0229E-03 -4.8589E-02 +5.4612E-02
+5.9100E+02 -1.0600E-02 +5.2516E-03 -4.8994E-02 +5.4245E-02
+5.9200E+02 -6.7120E-02 +4.4952E-03 -4.9387E-02 +5.3882E-02
+5.9300E+02 -1.0550E-02 +3.7533E-03 -4.9770E-02 +5.3523E-02
+5.9400E+02 -4.0200E-02 +3.0256E-03 -5.0142E-02 +5.3167E-02
+5.9500E+02 -6.1130E-02 +2.3119E-03 -5.0503E-02 +5.2815E-02
+5.9600E+02 -3.3990E-02 +1.6121E-03 -5.0854E-02 +5.2466E-02
+5.9700E+02 -3.0750E-02 +9.2568E-04 -5.1194E-02 +5.2120E-02
+5.9800E+02 -1.8690E-02 +2.5257E-04 -5.1525E-02 +5.1778E-02
+5.9900E+02 -2.8910E-02 -4.0751E-04 -5.1846E-02 +5.1438E-02
+6.0000E+02 -4.9750E-02 -1.0548E-03 -5.2157E-02 +5.1102E-02
+6.0100E+02 -6.5690E-02 -1.6895E-03 -5.2459E-02 +5.0770E-02
+6.0200E+02 -4.0190E-02 -2.3119E-03 -5.2752E-02 +5.0440E-02
+6.0300E+02 -1.0860E-02 -2.9221E-03 -5.3035E-02 +5.0113E-02
+6.0400E+02 -4.9710E-02 -3.5205E-03 -5.3310E-02 +4.9789E-02
+6.0500E+02 -8.6400E-02 -4.1071E-03 -5.3576E-02 +4.9469E-02
+6.0600E+02 -6.6790E-02 -4.6823E-03 -5.3833E-02 +4.9151E-02
+6.0700E+02 -6.4050E-02 -5.2462E-03 -5.4082E-02 +4.8836E-02
+6.0800E+02 -4.1440E-02 -5.7990E-03 -5.4323E-02 +4.8524E-02
+6.0900E+02 -7.8720E-02 -6.3409E-03 -5.4556E-02 +4.8215E-02
+6.1000E+02 -7.4000E-04 -6.8722E-03 -5.4781E-02 +4.7908E-02
+6.1100E+02 -3.9920E-02 -7.3929E-03 -5.4998E-02 +4.7605E-02
+6.1200E+02 -3.6060E-02 -7.9034E-03 -5.5207E-02 +4.7304E-02
+6.1300E+02 -7.2700E-03 -8.4037E-03 -5.5409E-02 +4.7005E-02
+6.1400E+02 -6.8600E-03 -8.8941E-03 -5.5604E-02 +4.6710E-02
+6.1500E+02 +4.5990E-02 -9.3747E-03 -5.5791E-02 +4.6417E-02
+6.1600E+02 -1.0067E-01 -9.8458E-03 -5.5972E-02 +4.6126E-02
+6.1700E+02 -8.5150E-02 -1.0307E-02 -5.6146E-02 +4.5838E-02
+6.1800E+02 -7.9600E-02 -1.0760E-02 -5.6313E-02 +4.5553E-02
+6.1900E+02 -1.7600E-03 -1.1203E-02 -5.6473E-02 +4.5270E-02
+6.2000E+02 -1.6745E-01 -1.1637E-02 -5.6627E-02 +4.4990E-02
+6.2100E+02 +4.5950E-02 -1.2063E-02 -5.6775E-02 +4.4712E-02
+6.2200E+02 +6.8100E-03 -1.2480E-02 -5.6916E-02 +4.4436E-02
+6.2300E+02 -5.4000E-04 -1.2889E-02 -5.7051E-02 +4.4163E-02
+6.2400E+02 -6.7790E-02 -1.3289E-02 -5.7181E-02 +4.3892E-02
+6.2500E+02 -8.0150E-02 -1.3681E-02 -5.7304E-02 +4.3624E-02
+6.2600E+02 -9.9690E-02 -1.4065E-02 -5.7422E-02 +4.3357E-02
+6.2700E+02 +5.2460E-02 -1.4441E-02 -5.7534E-02 +4.3093E-02
+6.2800E+02 +3.8560E-02 -1.4810E-02 -5.7641E-02 +4.2832E-02
+6.2900E+02 -6.0960E-02 -1.5171E-02 -5.7743E-02 +4.2572E-02
+6.3000E+02 -6.5700E-03 -1.5524E-02 -5.7839E-02 +4.2315E-02
+6.3100E+02 -1.8570E-02 -1.5870E-02 -5.7930E-02 +4.2060E-02
+6.3200E+02 -1.0859E-01 -1.6209E-02 -5.8016E-02 +4.1807E-02
+6.3300E+02 -8.6350E-02 -1.6541E-02 -5.8097E-02 +4.1556E-02
+6.3400E+02 -4.1240E-02 -1.6866E-02 -5.8173E-02 +4.1307E-02
+6.3500E+02 +2.0070E-02 -1.7184E-02 -5.8244E-02 +4.1060E-02
+6.3600E+02 -1.8180E-02 -1.7496E-02 -5.8311E-02 +4.0815E-02
+6.3700E+02 -7.6950E-02 -1.7801E-02 -5.8373E-02 +4.0573E-02
+6.3800E+02 -2.6620E-02 -1.8099E-02 -5.8431E-02 +4.0332E-02
+6.3900E+02 -9.8100E-03 -1.8391E-02 -5.8485E-02 +4.0094E-02
+6.4000E+02 -1.4690E-02 -1.8677E-02 -5.8534E-02 +3.9857E-02
+6.4100E+02 +1.0575E-01 -1.8957E-02 -5.8579E-02 +3.9622E-02
+6.4200E+02 +2.2360E-02 -1.9231E-02 -5.8620E-02 +3.9389E-02
+6.4300E+02 +4.7840E-02 -1.9499E-02 -5.8657E-02 +3.9158E-02
+6.4400E+02 -5.1920E-02 -1.9761E-02 -5.8690E-02 +3.8929E-02
+6.4500E+02 +1.7860E-02 -2.0017E-02 -5.8720E-02 +3.8702E-02
+6.4600E+02 +2.5220E-02 -2.0268E-02 -5.8745E-02 +3.8477E-02
+6.4700E+02 -1.4526E-01 -2.0514E-02 -5.8767E-02 +3.8254E-02
+6.4800E+02 +1.0010E-02 -2.0754E-02 -5.8786E-02 +3.8032E-02
+6.4900E+02 -3.6530E-02 -2.0989E-02 -5.8801E-02 +3.7812E-02
+6.5000E+02 +3.5110E-02 -2.1218E-02 -5.8812E-02 +3.7594E-02
+6.5100E+02 -6.3550E-02 -2.1443E-02 -5.8820E-02 +3.7378E-02
+6.5200E+02 -1.8000E-03 -2.1662E-02 -5.8825E-02 +3.7163E-02
+6.5300E+02 -6.7190E-02 -2.1877E-02 -5.8827E-02 +3.6950E-02
+6.5400E+02 +1.3110E-02 -2.2087E-02 -5.8826E-02 +3.6739E-02
+6.5500E+02 +4.4830E-02 -2.2292E-02 -5.8821E-02 +3.6529E-02
+6.5600E+02 -1.4400E-03 -2.2493E-02 -5.8814E-02 +3.6321E-02
+6.5700E+02 -3.4140E-02 -2.2689E-02 -5.8804E-02 +3.6115E-02
+6.5800E+02 +3.8470E-02 -2.2880E-02 -5.8791E-02 +3.5911E-02
+6.5900E+02 -1.2861E-01 -2.3067E-02 -5.8775E-02 +3.5708E-02
+6.6000E+02 -1.2057E-01 -2.3250E-02 -5.8756E-02 +3.5506E-02
+6.6100E+02 -2.1160E-02 -2.3428E-02 -5.8735E-02 +3.5307E-02
+6.6200E+02 -2.5980E-02 -2.3603E-02 -5.8711E-02 +3.5108E-02
+6.6300E+02 -1.2040E-02 -2.3773E-02 -5.8685E-02 +3.4912E-02
+6.6400E+02 +3.8490E-02 -2.3939E-02 -5.8656E-02 +3.4717E-02
+6.6500E+02 -1.1520E-01 -2.4102E-02 -5.8625E-02 +3.4523E-02
+6.6600E+02 +3.2320E-02 -2.4260E-02 -5.8591E-02 +3.4331E-02
+6.6700E+02 -1.0426E-01 -2.4415E-02 -5.8555E-02 +3.4140E-02
+6.6800E+02 -4.2740E-02 -2.4566E-02 -5.8517E-02 +3.3951E-02
+6.6900E+02 +9.0600E-03 -2.4713E-02 -5.8477E-02 +3.3764E-02
+6.7000E+02 +2.3310E-02 -2.4857E-02 -5.8435E-02 +3.3577E-02
+6.7100E+02 -1.4310E-02 -2.4998E-02 -5.8390E-02 +3.3393E-02
+6.7200E+02 -1.9030E-02 -2.5134E-02 -5.8344E-02 +3.3209E-02
+6.7300E+02 +6.7470E-02 -2.5268E-02 -5.8295E-02 +3.3027E-02
+6.7400E+02 +2.2480E-02 -2.5398E-02 -5.8245E-02 +3.2847E-02
+6.7500E+02 +6.4070E-02 -2.5525E-02 -5.8192E-02 +3.2668E-02
+6.7600E+02 +6.0780E-02 -2.5648E-02 -5.8138E-02 +3.2490E-02
+6.7700E+02 -4.1770E-02 -2.5769E-02 -5.8082E-02 +3.2313E-02
+6.7800E+02 -6.7510E-02 -2.5886E-02 -5.8025E-02 +3.2138E-02
+6.7900E+02 -4.2510E-02 -2.6001E-02 -5.7965E-02 +3.1965E-02
+6.8000E+02 -3.5740E-02 -2.6112E-02 -5.7904E-02 +3.1792E-02
+6.8100E+02 +7.2200E-03 -2.6221E-02 -5.7842E-02 +3.1621E-02
+6.8200E+02 +3.7500E-03 -2.6326E-02 -5.7778E-02 +3.1451E-02
+6.8300E+02 -2.0920E-02 -2.6429E-02 -5.7712E-02 +3.1283E-02
+6.8400E+02 +1.0560E-02 -2.6529E-02 -5.7645E-02 +3.1115E-02
+6.8500E+02 -5.0570E-02 -2.6627E-02 -5.7576E-02 +3.0949E-02
+6.8600E+02 +2.0710E-02 -2.6721E-02 -5.7506E-02 +3.0784E-02
+6.8700E+02 +2.5000E-03 -2.6814E-02 -5.7434E-02 +3.0621E-02
+6.8800E+02 +1.4190E-02 -2.6903E-02 -5.7362E-02 +3.0458E-02
+6.8900E+02 +2.4590E-02 -2.6990E-02 -5.7288E-02 +3.0297E-02
+6.9000E+02 +5.6530E-02 -2.7075E-02 -5.7212E-02 +3.0137E-02
+6.9100E+02 -8.0200E-03 -2.7157E-02 -5.7136E-02 +2.9979E-02
+6.9200E+02 -1.1743E-01 -2.7237E-02 -5.7058E-02 +2.9821E-02
+6.9300E+02 -3.7500E-03 -2.7314E-02 -5.6979E-02 +2.9665E-02
+6.9400E+02 -8.4500E-03 -2.7390E-02 -5.6899E-02 +2.9509E-02
+6.9500E+02 -1.0030E-02 -2.7463E-02 -5.6818E-02 +2.9355E-02
+6.9600E+02 -4.9500E-03 -2.7533E-02 -5.6736E-02 +2.9202E-02
+6.9700E+02 +3.5080E-02 -2.7602E-02 -5.6652E-02 +2.9050E-02
+6.9800E+02 -2.3350E-02 -2.7669E-02 -5.6568E-02 +2.8900E-02
+6.9900E+02 -5.5100E-02 -2.7733E-02 -5.6483E-02 +2.8750E-02
+7.0000E+02 -6.4360E-02 -2.7795E-02 -5.6397E-02 +2.8601E-02
+7.0100E+02 -7.5840E-02 -2.7856E-02 -5.6310E-02 +2.8454E-02
+7.0200E+02 -7.3480E-02 -2.7914E-02 -5.6222E-02 +2.8307E-02
+7.0300E+02 -4.6180E-02 -2.7971E-02 -5.6133E-02 +2.8162E-02
+7.0400E+02 -9.8800E-03 -2.8025E-02 -5.6043E-02 +2.8018E-02
+7.0500E+02 +1.0227E-01 -2.8078E-02 -5.5953E-02 +2.7874E-02
+7.0600E+02 +7.6920E-02 -2.8129E-02 -5.5861E-02 +2.7732E-02
+7.0700E+02 +1.0380E-02 -2.8178E-02 -5.5769E-02 +2.7591E-02
+7.0800E+02 -3.0940E-02 -2.8226E-02 -5.5677E-02 +2.7451E-02
+7.0900E+02 +4.7570E-02 -2.8272E-02 -5.5583E-02 +2.7312E-02
+7.1000E+02 -3.0920E-02 -2.8316E-02 -5.5489E-02 +2.7173E-02
+7.1100E+02 -1.7390E-02 -2.8358E-02 -5.5394E-02 +2.7036E-02
+7.1200E+02 -6.7080E-02 -2.8399E-02 -5.5299E-02 +2.6900E-02
+7.1300E+02 +2.1000E-03 -2.8438E-02 -5.5203E-02 +2.6765E-02
+7.1400E+02 -2.0280E-02 -2.8476E-02 -5.5106E-02 +2.6630E-02
+7.1500E+02 +7.8010E-02 -2.8512E-02 -5.5009E-02 +2.6497E-02
+7.1600E+02 +5.0950E-02 -2.8547E-02 -5.4911E-02 +2.6365E-02
+7.1700E+02 +6.7000E-03 -2.8580E-02 -5.4813E-02 +2.6233E-02
+7.1800E+02 -2.5100E-02 -2.8611E-02 -5.4714E-02 +2.6103E-02
+7.1900E+02 +4.4810E-02 -2.8642E-02 -5.4615E-02 +2.5973E-02
+7.2000E+02 +1.5702E-01 -2.8671E-02 -5.4515E-02 +2.5844E-02
+7.2100E+02 +3.6270E-02 -2.8698E-02 -5.4415E-02 +2.5717E-02
+7.2200E+02 +3.0680E-02 -2.8725E-02 -5.4314E-02 +2.5590E-02
+7.2300E+02 -3.5300E-03 -2.8749E-02 -5.4213E-02 +2.5464E-02
+7.2400E+02 +4.4870E-02 -2.8773E-02 -5.4112E-02 +2.5339E-02
+7.2500E+02 +5.9310E-02 -2.8796E-02 -5.4010E-02 +2.5214E-02
+7.2600E+02 +6.7690E-02 -2.8817E-02 -5.3908E-02 +2.5091E-02
+7.2700E+02 +9.5000E-02 -2.8837E-02 -5.3805E-02 +2.4968E-02
+7.2800E+02 +2.9240E-02 -2.8856E-02 -5.3702E-02 +2.4847E-02
+7.2900E+02 -6.0970E-02 -2.8873E-02 -5.3599E-02 +2.4726E-02
+7.3000E+02 -2.3700E-03 -2.8890E-02 -5.3495E-02 +2.4606E-02
+7.3100E+02 +3.3530E-02 -2.8905E-02 -5.3392E-02 +2.4487E-02
+7.3200E+02 +2.9520E-02 -2.8919E-02 -5.3287E-02 +2.4368E-02
+7.3300E+02 -3.9580E-02 -2.8933E-02 -5.3183E-02 +2.4251E-02
+7.3400E+02 -4.5690E-02 -2.8945E-02 -5.3079E-02 +2.4134E-02
+7.3500E+02 -2.6100E-03 -2.8956E-02 -5.2974E-02 +2.4018E-02
+7.3600E+02 -4.6730E-02 -2.8966E-02 -5.2869E-02 +2.3903E-02
+7.3700E+02 -4.1020E-02 -2.8975E-02 -5.2763E-02 +2.3788E-02
+7.3800E+02 +3.5460E-02 -2.8983E-02 -5.2658E-02 +2.3675E-02
+7.3900E+02 +2.5560E-02 -2.8990E-02 -5.2552E-02 +2.3562E-02
+7.4000E+02 +1.5910E-02 -2.8997E-02 -5.2447E-02 +2.3450E-02
+7.4100E+02 +8.6690E-02 -2.9002E-02 -5.2341E-02 +2.3338E-02
+7.4200E+02 +2.6330E-02 -2.9007E-02 -5.2235E-02 +2.3228E-02
+7.4300E+02 -5.7000E-04 -2.9010E-02 -5.2128E-02 +2.3118E-02
+7.4400E+02 -5.3200E-03 -2.9013E-02 -5.2022E-02 +2.3009E-02
+7.4500E+02 -1.2005E-01 -2.9015E-02 -5.1916E-02 +2.2901E-02
+7.4600E+02 -8.1820E-02 -2.9016E-02 -5.1809E-02 +2.2793E-02
+7.4700E+02 +5.5980E-02 -2.9016E-02 -5.1702E-02 +2.2686E-02
+7.4800E+02 -2.7560E-02 -2.9016E-02 -5.1596E-02 +2.2580E-02
+7.4900E+02 +1.1870E-01 -2.9014E-02 -5.1489E-02 +2.2475E-02
+7.5000E+02 -4.8490E-02 -2.9012E-02 -5.1382E-02 +2.2370E-02
+7.5100E+02 +3.0650E-02 -2.9009E-02 -5.1275E-02 +2.2266E-02
+7.5200E+02 +2.8700E-03 -2.9006E-02 -5.1168E-02 +2.2162E-02
+7.5300E+02 +8.0030E-02 -2.9002E-02 -5.1061E-02 +2.2060E-02
+7.5400E+02 +5.5190E-02 -2.8997E-02 -5.0954E-02 +2.1958E-02
+7.5500E+02 -4.3740E-02 -2.8991E-02 -5.0847E-02 +2.1856E-02
+7.5600E+02 +2.4210E-02 -2.8985E-02 -5.0740E-02 +2.1756E-02
+7.5700E+02 -4.6610E-02 -2.8978E-02 -5.0633E-02 +2.1656E-02
+7.5800E+02 -1.5790E-02 -2.8970E-02 -5.0526E-02 +2.1556E-02
+7.5900E+02 -5.3720E-02 -2.8962E-02 -5.0419E-02 +2.1458E-02
+7.6000E+02 -3.3940E-02 -2.8953E-02 -5.0312E-02 +2.1360E-02
+7.6100E+02 +4.2740E-02 -2.8943E-02 -5.0205E-02 +2.1262E-02
+7.6200E+02 +4.4370E-02 -2.8933E-02 -5.0098E-02 +2.1165E-02
+7.6300E+02 +7.3450E-02 -2.8922E-02 -4.9992E-02 +2.1069E-02
+7.6400E+02 -3.4790E-02 -2.8911E-02 -4.9885E-02 +2.0974E-02
+7.6500E+02 -3.9140E-02 -2.8899E-02 -4.9778E-02 +2.0879E-02
+7.6600E+02 -9.3140E-02 -2.8887E-02 -4.9671E-02 +2.0785E-02
+7.6700E+02 +3.9270E-02 -2.8874E-02 -4.9565E-02 +2.0691E-02
+7.6800E+02 -1.1690E-02 -2.8860E-02 -4.9458E-02 +2.0598E-02
+7.6900E+02 +5.7700E-03 -2.8846E-02 -4.9352E-02 +2.0505E-02
