# Number of peaks = 3
# Fitting results:
# pktyp	 xm	 amp	 width	 area
# G	 104.0	 0.1095 	 48.81	 4.318
# G	 188.7	 0.05379 	 83.16	 7.261
# G	 294.2	 0.02182 	 117.9	 4.491
# 
# T	dTG	pksum	pk1	pk2	pk3
+3.0000E+01 +0.0000E+00 +1.2563E-02 +1.1012E-02 +1.4074E-03 +1.4379E-04
+3.2000E+01 +1.0000E-03 +1.4144E-02 +1.2447E-02 +1.5418E-03 +1.5510E-04
+3.4000E+01 +1.7685E-03 +1.5877E-02 +1.4022E-02 +1.6872E-03 +1.6721E-04
+3.6000E+01 +7.4790E-03 +1.7768E-02 +1.5744E-02 +1.8441E-03 +1.8016E-04
+3.8000E+01 +1.3132E-02 +1.9825E-02 +1.7618E-02 +2.0132E-03 +1.9400E-04
+4.1000E+01 +1.8606E-02 +2.3232E-02 +2.0724E-02 +2.2915E-03 +2.1655E-04
+4.3000E+01 +2.4146E-02 +2.5724E-02 +2.2996E-02 +2.4945E-03 +2.3285E-04
+4.6000E+01 +2.9510E-02 +2.9799E-02 +2.6712E-02 +2.8270E-03 +2.5935E-04
+4.8000E+01 +3.4937E-02 +3.2741E-02 +2.9394E-02 +3.0685E-03 +2.7847E-04
+5.1000E+01 +4.0189E-02 +3.7488E-02 +3.3716E-02 +3.4625E-03 +3.0950E-04
+5.3000E+01 +4.5503E-02 +4.0870E-02 +3.6791E-02 +3.7475E-03 +3.3184E-04
+5.6000E+01 +5.0644E-02 +4.6252E-02 +4.1673E-02 +4.2104E-03 +3.6801E-04
+5.9000E+01 +5.5731E-02 +5.1974E-02 +4.6848E-02 +4.7181E-03 +4.0760E-04
+6.1000E+01 +6.0875E-02 +5.5957E-02 +5.0438E-02 +5.0828E-03 +4.3602E-04
+6.4000E+01 +6.5851E-02 +6.2145E-02 +5.5992E-02 +5.6711E-03 +4.8188E-04
+6.7000E+01 +7.0772E-02 +6.8532E-02 +6.1690E-02 +6.3111E-03 +5.3188E-04
+6.9000E+01 +7.6182E-02 +7.2866E-02 +6.5531E-02 +6.7675E-03 +5.6766E-04
+7.2000E+01 +8.1672E-02 +7.9420E-02 +7.1296E-02 +7.4986E-03 +6.2521E-04
+7.4000E+01 +8.7004E-02 +8.3786E-02 +7.5102E-02 +8.0177E-03 +6.6630E-04
+7.7000E+01 +9.2121E-02 +9.0264E-02 +8.0687E-02 +8.8454E-03 +7.3227E-04
+8.0000E+01 +9.7088E-02 +9.6571E-02 +8.6034E-02 +9.7331E-03 +8.0373E-04
+8.2000E+01 +1.0196E-01 +1.0063E-01 +8.9418E-02 +1.0359E-02 +8.5458E-04
+8.5000E+01 +1.0650E-01 +1.0644E-01 +9.4151E-02 +1.1349E-02 +9.3595E-04
+8.8000E+01 +1.1075E-01 +1.1181E-01 +9.8389E-02 +1.2402E-02 +1.0237E-03
+9.0000E+01 +1.1477E-01 +1.1512E-01 +1.0090E-01 +1.3138E-02 +1.0860E-03
+9.3000E+01 +1.1831E-01 +1.1960E-01 +1.0412E-01 +1.4295E-02 +1.1853E-03
+9.5000E+01 +1.2154E-01 +1.2223E-01 +1.0588E-01 +1.5100E-02 +1.2556E-03
+9.8000E+01 +1.2422E-01 +1.2562E-01 +1.0789E-01 +1.6358E-02 +1.3675E-03
+1.0100E+02 +1.2642E-01 +1.2828E-01 +1.0912E-01 +1.7674E-02 +1.4874E-03
+1.0400E+02 +1.2811E-01 +1.3019E-01 +1.0952E-01 +1.9047E-02 +1.6157E-03
+1.0600E+02 +1.2937E-01 +1.3103E-01 +1.0934E-01 +1.9993E-02 +1.7061E-03
+1.0900E+02 +1.2999E-01 +1.3167E-01 +1.0837E-01 +2.1452E-02 +1.8493E-03
+1.1200E+02 +1.3007E-01 +1.3157E-01 +1.0661E-01 +2.2959E-02 +2.0019E-03
+1.1400E+02 +1.2974E-01 +1.3110E-01 +1.0501E-01 +2.3987E-02 +2.1091E-03
+1.1700E+02 +1.2884E-01 +1.2984E-01 +1.0200E-01 +2.5561E-02 +2.2782E-03
+1.1900E+02 +1.2759E-01 +1.2866E-01 +9.9632E-02 +2.6628E-02 +2.3967E-03
+1.2200E+02 +1.2583E-01 +1.2641E-01 +9.5573E-02 +2.8252E-02 +2.5834E-03
+1.2500E+02 +1.2371E-01 +1.2367E-01 +9.0989E-02 +2.9897E-02 +2.7809E-03
+1.2700E+02 +1.2135E-01 +1.2161E-01 +8.7687E-02 +3.1001E-02 +2.9188E-03
+1.3000E+02 +1.1864E-01 +1.1824E-01 +8.2437E-02 +3.2665E-02 +3.1353E-03
+1.3200E+02 +1.1578E-01 +1.1584E-01 +7.8781E-02 +3.3774E-02 +3.2860E-03
+1.3500E+02 +1.1269E-01 +1.1209E-01 +7.3138E-02 +3.5431E-02 +3.5221E-03
+1.3700E+02 +1.0956E-01 +1.0953E-01 +6.9310E-02 +3.6529E-02 +3.6861E-03
+1.4000E+02 +1.0629E-01 +1.0564E-01 +6.3540E-02 +3.8156E-02 +3.9424E-03
+1.4300E+02 +1.0300E-01 +1.0177E-01 +5.7812E-02 +3.9752E-02 +4.2111E-03
+1.4600E+02 +9.9752E-02 +9.8003E-02 +5.2204E-02 +4.1307E-02 +4.4922E-03
+1.4800E+02 +9.6646E-02 +9.5570E-02 +4.8567E-02 +4.2316E-02 +4.6866E-03
+1.5100E+02 +9.3573E-02 +9.2077E-02 +4.3307E-02 +4.3781E-02 +4.9887E-03
+1.5400E+02 +9.0635E-02 +8.8809E-02 +3.8327E-02 +4.5179E-02 +5.3033E-03
+1.5600E+02 +8.7924E-02 +8.6770E-02 +3.5181E-02 +4.6069E-02 +5.5201E-03
+1.5900E+02 +8.5317E-02 +8.3935E-02 +3.0745E-02 +4.7334E-02 +5.8557E-03
+1.6100E+02 +8.2964E-02 +8.2199E-02 +2.7986E-02 +4.8127E-02 +6.0862E-03
+1.6400E+02 +8.0736E-02 +7.9828E-02 +2.4151E-02 +4.9235E-02 +6.4423E-03
+1.6600E+02 +7.8768E-02 +7.8401E-02 +2.1800E-02 +4.9915E-02 +6.6864E-03
+1.6900E+02 +7.6924E-02 +7.6483E-02 +1.8577E-02 +5.0843E-02 +7.0623E-03
+1.7200E+02 +7.5264E-02 +7.4815E-02 +1.5712E-02 +5.1654E-02 +7.4496E-03
+1.7400E+02 +7.3843E-02 +7.3833E-02 +1.3993E-02 +5.2126E-02 +7.7141E-03
+1.7700E+02 +7.2521E-02 +7.2534E-02 +1.1687E-02 +5.2727E-02 +8.1197E-03
+1.8000E+02 +7.1347E-02 +7.1420E-02 +9.6874E-03 +5.3197E-02 +8.5355E-03
+1.8200E+02 +7.0366E-02 +7.0766E-02 +8.5124E-03 +5.3436E-02 +8.8182E-03
+1.8500E+02 +6.9441E-02 +6.9896E-02 +6.9677E-03 +5.3678E-02 +9.2498E-03
+1.8700E+02 +6.8674E-02 +6.9377E-02 +6.0715E-03 +5.3763E-02 +9.5424E-03
+1.9000E+02 +6.7930E-02 +6.8669E-02 +4.9075E-03 +5.3774E-02 +9.9879E-03
+1.9300E+02 +6.7250E-02 +6.8022E-02 +3.9368E-03 +5.3644E-02 +1.0441E-02
+1.9600E+02 +6.6619E-02 +6.7411E-02 +3.1344E-03 +5.3376E-02 +1.0900E-02
+1.9800E+02 +6.6076E-02 +6.7012E-02 +2.6812E-03 +5.3122E-02 +1.1209E-02
+2.0100E+02 +6.5496E-02 +6.6412E-02 +2.1080E-03 +5.2627E-02 +1.1677E-02
+2.0400E+02 +6.4922E-02 +6.5796E-02 +1.6449E-03 +5.2002E-02 +1.2148E-02
+2.0600E+02 +6.4393E-02 +6.5368E-02 +1.3883E-03 +5.1515E-02 +1.2464E-02
+2.0900E+02 +6.3799E-02 +6.4692E-02 +1.0697E-03 +5.0683E-02 +1.2940E-02
+2.1200E+02 +6.3182E-02 +6.3968E-02 +8.1804E-04 +4.9734E-02 +1.3416E-02
+2.1500E+02 +6.2535E-02 +6.3189E-02 +6.2088E-04 +4.8677E-02 +1.3892E-02
+2.1700E+02 +6.1899E-02 +6.2637E-02 +5.1444E-04 +4.7915E-02 +1.4208E-02
+2.2000E+02 +6.1174E-02 +6.1758E-02 +3.8556E-04 +4.6693E-02 +1.4680E-02
+2.2300E+02 +6.0406E-02 +6.0819E-02 +2.8679E-04 +4.5384E-02 +1.5148E-02
+2.2600E+02 +5.9591E-02 +5.9819E-02 +2.1172E-04 +4.3997E-02 +1.5611E-02
+2.2800E+02 +5.8775E-02 +5.9121E-02 +1.7222E-04 +4.3033E-02 +1.5916E-02
+2.3100E+02 +5.7869E-02 +5.8030E-02 +1.2555E-04 +4.1538E-02 +1.6366E-02
+2.3400E+02 +5.6921E-02 +5.6889E-02 +9.0835E-05 +3.9990E-02 +1.6808E-02
+2.3700E+02 +5.5933E-02 +5.5704E-02 +6.5226E-05 +3.8399E-02 +1.7240E-02
+2.4000E+02 +5.4909E-02 +5.4482E-02 +4.6484E-05 +3.6776E-02 +1.7659E-02
+2.4200E+02 +5.3890E-02 +5.3650E-02 +3.6932E-05 +3.5681E-02 +1.7932E-02
+2.4500E+02 +5.2798E-02 +5.2380E-02 +2.5991E-05 +3.4025E-02 +1.8329E-02
+2.4800E+02 +5.1677E-02 +5.1090E-02 +1.8154E-05 +3.2361E-02 +1.8710E-02
+2.5100E+02 +5.0531E-02 +4.9787E-02 +1.2584E-05 +3.0699E-02 +1.9075E-02
+2.5300E+02 +4.9399E-02 +4.8914E-02 +9.8152E-06 +2.9596E-02 +1.9308E-02
+2.5600E+02 +4.8215E-02 +4.7603E-02 +6.7187E-06 +2.7954E-02 +1.9642E-02
+2.5900E+02 +4.7020E-02 +4.6295E-02 +4.5645E-06 +2.6335E-02 +1.9956E-02
+2.6200E+02 +4.5818E-02 +4.4997E-02 +3.0777E-06 +2.4745E-02 +2.0248E-02
+2.6400E+02 +4.4647E-02 +4.4138E-02 +2.3566E-06 +2.3704E-02 +2.0431E-02
+2.6700E+02 +4.3446E-02 +4.2864E-02 +1.5691E-06 +2.2177E-02 +2.0686E-02
+2.7000E+02 +4.2253E-02 +4.1612E-02 +1.0369E-06 +2.0694E-02 +2.0917E-02
+2.7300E+02 +4.1073E-02 +4.0383E-02 +6.8001E-07 +1.9260E-02 +2.1123E-02
+2.7600E+02 +3.9907E-02 +3.9182E-02 +4.4262E-07 +1.7878E-02 +2.1304E-02
+2.7900E+02 +3.8757E-02 +3.8011E-02 +2.8593E-07 +1.6553E-02 +2.1458E-02
+2.8100E+02 +3.7656E-02 +3.7248E-02 +2.1278E-07 +1.5702E-02 +2.1546E-02
+2.8400E+02 +3.6550E-02 +3.6130E-02 +1.3574E-07 +1.4475E-02 +2.1655E-02
+2.8700E+02 +3.5469E-02 +3.5046E-02 +8.5937E-08 +1.3309E-02 +2.1737E-02
+2.8900E+02 +3.4440E-02 +3.4342E-02 +6.3098E-08 +1.2566E-02 +2.1776E-02
+2.9200E+02 +3.3413E-02 +3.3315E-02 +3.9449E-08 +1.1504E-02 +2.1811E-02
+2.9500E+02 +3.2416E-02 +3.2322E-02 +2.4478E-08 +1.0505E-02 +2.1817E-02
+2.9800E+02 +3.1451E-02 +3.1363E-02 +1.5074E-08 +9.5669E-03 +2.1796E-02
+3.0100E+02 +3.0516E-02 +3.0437E-02 +9.2129E-09 +8.6902E-03 +2.1746E-02
+3.0300E+02 +2.9632E-02 +2.9837E-02 +6.6073E-09 +8.1391E-03 +2.1698E-02
+3.0600E+02 +2.8754E-02 +2.8963E-02 +3.9878E-09 +7.3612E-03 +2.1602E-02
+3.0900E+02 +2.7907E-02 +2.8119E-02 +2.3887E-09 +6.6404E-03 +2.1478E-02
+3.1100E+02 +2.7109E-02 +2.7571E-02 +1.6902E-09 +6.1906E-03 +2.1381E-02
+3.1400E+02 +2.6320E-02 +2.6773E-02 +9.9978E-10 +5.5602E-03 +2.1213E-02
+3.1700E+02 +2.5561E-02 +2.6000E-02 +5.8692E-10 +4.9811E-03 +2.1019E-02
+3.1900E+02 +2.4849E-02 +2.5498E-02 +4.0977E-10 +4.6222E-03 +2.0876E-02
+3.2200E+02 +2.4148E-02 +2.4763E-02 +2.3755E-10 +4.1228E-03 +2.0640E-02
+3.2500E+02 +2.3473E-02 +2.4049E-02 +1.3667E-10 +3.6678E-03 +2.0381E-02
+3.2700E+02 +2.2838E-02 +2.3583E-02 +9.4147E-11 +3.3879E-03 +2.0195E-02
+3.3000E+02 +2.2210E-02 +2.2900E-02 +5.3489E-11 +3.0009E-03 +1.9899E-02
+3.3300E+02 +2.1603E-02 +2.2232E-02 +3.0161E-11 +2.6513E-03 +1.9581E-02
+3.3600E+02 +2.1017E-02 +2.1580E-02 +1.6879E-11 +2.3363E-03 +1.9244E-02
+3.3900E+02 +2.0452E-02 +2.0941E-02 +9.3747E-12 +2.0534E-03 +1.8887E-02
+3.4200E+02 +1.9908E-02 +2.0314E-02 +5.1676E-12 +1.8000E-03 +1.8514E-02
+3.4400E+02 +1.9394E-02 +1.9902E-02 +3.4596E-12 +1.6464E-03 +1.8256E-02
+3.4700E+02 +1.8887E-02 +1.9293E-02 +1.8832E-12 +1.4370E-03 +1.7856E-02
+3.5000E+02 +1.8396E-02 +1.8694E-02 +1.0174E-12 +1.2510E-03 +1.7443E-02
+3.5200E+02 +1.7931E-02 +1.8299E-02 +6.7201E-13 +1.1389E-03 +1.7160E-02
+3.5500E+02 +1.7468E-02 +1.7714E-02 +3.5851E-13 +9.8717E-04 +1.6727E-02
+3.5700E+02 +1.7026E-02 +1.7328E-02 +2.3483E-13 +8.9613E-04 +1.6432E-02
+3.6000E+02 +1.6581E-02 +1.6756E-02 +1.2371E-13 +7.7339E-04 +1.5982E-02
+3.6300E+02 +1.6144E-02 +1.6190E-02 +6.4680E-14 +6.6572E-04 +1.5525E-02
+3.6600E+02 +1.5712E-02 +1.5632E-02 +3.3563E-14 +5.7156E-04 +1.5061E-02
+3.6800E+02 +1.5294E-02 +1.5264E-02 +2.1582E-14 +5.1556E-04 +1.4749E-02
+3.7100E+02 +1.4872E-02 +1.4718E-02 +1.1059E-14 +4.4071E-04 +1.4277E-02
+3.7400E+02 +1.4452E-02 +1.4179E-02 +5.6241E-15 +3.7576E-04 +1.3803E-02
+3.7700E+02 +1.4032E-02 +1.3647E-02 +2.8386E-15 +3.1954E-04 +1.3327E-02
+3.7900E+02 +1.3618E-02 +1.3296E-02 +1.7919E-15 +2.8641E-04 +1.3010E-02
+3.8200E+02 +1.3199E-02 +1.2776E-02 +8.9313E-16 +2.4250E-04 +1.2534E-02
+3.8400E+02 +1.2782E-02 +1.2435E-02 +5.5909E-16 +2.1673E-04 +1.2218E-02
+3.8700E+02 +1.2358E-02 +1.1929E-02 +2.7517E-16 +1.8271E-04 +1.1746E-02
+3.8900E+02 +1.1935E-02 +1.1596E-02 +1.7082E-16 +1.6282E-04 +1.1433E-02
+3.9200E+02 +1.1507E-02 +1.1104E-02 +8.3020E-17 +1.3667E-04 +1.0968E-02
+3.9500E+02 +1.1079E-02 +1.0622E-02 +4.0046E-17 +1.1442E-04 +1.0508E-02
+3.9800E+02 +1.0651E-02 +1.0149E-02 +1.9171E-17 +9.5549E-05 +1.0054E-02
+4.0000E+02 +1.0226E-02 +9.8398E-03 +1.1683E-17 +8.4607E-05 +9.7552E-03
+4.0300E+02 +9.8026E-03 +9.3841E-03 +5.5230E-18 +7.0344E-05 +9.3138E-03
+4.0500E+02 +9.3811E-03 +9.0863E-03 +3.3376E-18 +6.2108E-05 +9.0242E-03
+4.0800E+02 +8.9613E-03 +8.6487E-03 +1.5581E-18 +5.1415E-05 +8.5973E-03
+4.1100E+02 +8.5458E-03 +8.2224E-03 +7.2187E-19 +4.2452E-05 +8.1800E-03
+4.1400E+02 +8.1373E-03 +7.8078E-03 +3.3194E-19 +3.4961E-05 +7.7728E-03
+4.1600E+02 +7.7365E-03 +7.5380E-03 +1.9692E-19 +3.0672E-05 +7.5073E-03
+4.1900E+02 +7.3477E-03 +7.1434E-03 +8.9417E-20 +2.5150E-05 +7.1183E-03
+4.2100E+02 +6.9693E-03 +6.8873E-03 +5.2603E-20 +2.2001E-05 +6.8653E-03
+4.2400E+02 +6.6065E-03 +6.5134E-03 +2.3587E-20 +1.7962E-05 +6.4955E-03
+4.2700E+02 +6.2586E-03 +6.1523E-03 +1.0496E-20 +1.4626E-05 +6.1376E-03
+4.3000E+02 +5.9256E-03 +5.8039E-03 +4.6360E-21 +1.1879E-05 +5.7920E-03
+4.3200E+02 +5.6035E-03 +5.5788E-03 +2.6774E-21 +1.0326E-05 +5.5685E-03
+4.3500E+02 +5.2986E-03 +5.2519E-03 +1.1677E-21 +8.3499E-06 +5.2436E-03
+4.3700E+02 +5.0022E-03 +5.0412E-03 +6.6876E-22 +7.2371E-06 +5.0340E-03
+4.4000E+02 +4.7217E-03 +4.7359E-03 +2.8802E-22 +5.8270E-06 +4.7300E-03
+4.4200E+02 +4.4479E-03 +4.5394E-03 +1.6357E-22 +5.0358E-06 +4.5344E-03
+4.4500E+02 +4.1912E-03 +4.2555E-03 +6.9566E-23 +4.0371E-06 +4.2515E-03
+4.4800E+02 +3.9480E-03 +3.9842E-03 +2.9364E-23 +3.2280E-06 +3.9810E-03
+4.5000E+02 +3.7120E-03 +3.8104E-03 +1.6453E-23 +2.7769E-06 +3.8076E-03
+4.5300E+02 +3.4933E-03 +3.5599E-03 +6.8580E-24 +2.2107E-06 +3.5577E-03
+4.5500E+02 +3.2785E-03 +3.3997E-03 +3.8107E-24 +1.8963E-06 +3.3978E-03
+4.5800E+02 +3.0802E-03 +3.1695E-03 +1.5685E-24 +1.5031E-06 +3.1679E-03
+4.6100E+02 +2.8925E-03 +2.9510E-03 +6.4072E-25 +1.1884E-06 +2.9498E-03
+4.6300E+02 +2.7078E-03 +2.8118E-03 +3.5127E-25 +1.0147E-06 +2.8108E-03
+4.6600E+02 +2.5389E-03 +2.6124E-03 +1.4170E-25 +7.9873E-07 +2.6116E-03
+4.6800E+02 +2.3706E-03 +2.4856E-03 +7.7035E-26 +6.7998E-07 +2.4849E-03
+4.7100E+02 +2.2187E-03 +2.3044E-03 +3.0686E-26 +5.3296E-07 +2.3039E-03
+4.7400E+02 +2.0758E-03 +2.1337E-03 +1.2132E-26 +4.1665E-07 +2.1332E-03
+4.7600E+02 +1.9329E-03 +2.0255E-03 +6.5075E-27 +3.5306E-07 +2.0251E-03
+4.7900E+02 +1.8059E-03 +1.8713E-03 +2.5405E-27 +2.7481E-07 +1.8711E-03
+4.8100E+02 +1.6763E-03 +1.7739E-03 +1.3514E-27 +2.3220E-07 +1.7737E-03
+4.8400E+02 +1.5605E-03 +1.6354E-03 +5.2096E-28 +1.7996E-07 +1.6352E-03
+4.8600E+02 +1.4392E-03 +1.5480E-03 +2.7480E-28 +1.5162E-07 +1.5479E-03
+4.8900E+02 +1.3307E-03 +1.4241E-03 +1.0461E-28 +1.1699E-07 +1.4240E-03
+4.9200E+02 +1.2270E-03 +1.3084E-03 +3.9525E-29 +9.0043E-08 +1.3083E-03
+4.9400E+02 +1.1200E-03 +1.2357E-03 +2.0570E-29 +7.5512E-08 +1.2356E-03
+4.9700E+02 +1.0297E-03 +1.1328E-03 +7.6747E-30 +5.7865E-08 +1.1328E-03
+4.9900E+02 +9.3588E-04 +1.0683E-03 +3.9608E-30 +4.8387E-08 +1.0683E-03
+5.0200E+02 +8.5899E-04 +9.7729E-04 +1.4593E-30 +3.6919E-08 +9.7725E-04
+5.0500E+02 +7.8890E-04 +8.9287E-04 +5.3359E-31 +2.8095E-08 +8.9285E-04
+5.0800E+02 +7.2471E-04 +8.1470E-04 +1.9364E-31 +2.1325E-08 +8.1467E-04
+5.1000E+02 +6.5417E-04 +7.6587E-04 +9.8108E-32 +1.7719E-08 +7.6585E-04
+5.1200E+02 +5.8696E-04 +7.1955E-04 +4.9539E-32 +1.4705E-08 +7.1953E-04
+5.1500E+02 +5.3355E-04 +6.5457E-04 +1.7664E-32 +1.1094E-08 +6.5456E-04
+5.1700E+02 +4.7114E-04 +6.1410E-04 +8.8447E-33 +9.1809E-09 +6.1409E-04
+5.2000E+02 +4.2179E-04 +5.5743E-04 +3.1142E-33 +6.8964E-09 +5.5743E-04
+5.2200E+02 +3.6290E-04 +5.2222E-04 +1.5463E-33 +5.6905E-09 +5.2221E-04
+5.2500E+02 +3.1839E-04 +4.7301E-04 +5.3766E-34 +4.2560E-09 +4.7301E-04
+5.2800E+02 +2.7748E-04 +4.2789E-04 +1.8553E-34 +3.1749E-09 +4.2788E-04
+5.3000E+02 +2.2819E-04 +3.9993E-04 +9.0897E-35 +2.6076E-09 +3.9993E-04
+5.3300E+02 +1.9434E-04 +3.6100E-04 +3.0974E-35 +1.9368E-09 +3.6100E-04
+5.3500E+02 +1.5242E-04 +3.3693E-04 +1.5048E-35 +1.5862E-09 +3.3693E-04
+5.3800E+02 +1.2706E-04 +3.0348E-04 +5.0636E-36 +1.1730E-09 +3.0348E-04
+5.4000E+02 +9.4468E-05 +2.8284E-04 +2.4394E-36 +9.5788E-10 +2.8284E-04
+5.4300E+02 +7.8615E-05 +2.5420E-04 +8.1059E-37 +7.0531E-10 +2.5420E-04
+5.4500E+02 +5.4433E-05 +2.3657E-04 +3.8725E-37 +5.7429E-10 +2.3657E-04
+5.4800E+02 +4.6475E-05 +2.1217E-04 +1.2707E-37 +4.2104E-10 +2.1217E-04
+5.5000E+02 +2.9936E-05 +1.9717E-04 +6.0197E-38 +3.4183E-10 +1.9717E-04
+5.5300E+02 +2.9689E-05 +1.7644E-04 +1.9505E-38 +2.4953E-10 +1.7644E-04
+5.5600E+02 +3.2214E-05 +1.5769E-04 +6.2726E-39 +1.8167E-10 +1.5769E-04
+5.5800E+02 +2.3401E-05 +1.4621E-04 +2.9319E-39 +1.4682E-10 +1.4621E-04
+5.6100E+02 +2.6976E-05 +1.3039E-04 +9.3107E-40 +1.0643E-10 +1.3039E-04
+5.6300E+02 +1.6977E-05 +1.2072E-04 +4.3156E-40 +8.5762E-11 +1.2072E-04
+5.6600E+02 +1.8308E-05 +1.0743E-04 +1.3533E-40 +6.1901E-11 +1.0743E-04
+5.6800E+02 +5.9803E-06 +9.9319E-05 +6.2204E-41 +4.9736E-11 +9.9319E-05
+5.7100E+02 +6.4461E-06 +8.8192E-05 +1.9263E-41 +3.5743E-11 +8.8192E-05
+5.7400E+02 +7.8006E-06 +7.8210E-05 +5.9200E-42 +2.5620E-11 +7.8210E-05
+5.7600E+02 -2.6311E-06 +7.2140E-05 +2.6848E-42 +2.0490E-11 +7.2140E-05
+5.7900E+02 +1.3010E-18 +6.3837E-05 +8.1480E-43 +1.4623E-11 +6.3837E-05
+5.8100E+02 -9.4274E-06 +5.8798E-05 +3.6643E-43 +1.1662E-11 +5.8798E-05
+5.8400E+02 -6.0970E-06 +5.1918E-05 +1.0982E-43 +8.2866E-12 +5.1918E-05
+5.8700E+02 -3.7691E-06 +4.5784E-05 +3.2663E-44 +5.8731E-12 +4.5784E-05
+5.8900E+02 -1.5728E-05 +4.2073E-05 +1.4493E-44 +4.6619E-12 +4.2073E-05
+5.9200E+02 -1.6750E-05 +3.7022E-05 +4.2568E-45 +3.2898E-12 +3.7022E-05
+5.9500E+02 -1.9253E-05 +3.2536E-05 +1.2409E-45 +2.3155E-12 +3.2536E-05
+5.9700E+02 -3.5900E-05 +2.9830E-05 +5.4326E-46 +1.8295E-12 +2.9830E-05
+6.0000E+02 -4.2699E-05 +2.6158E-05 +1.5638E-46 +1.2821E-12 +2.6158E-05
+6.0200E+02 -6.4577E-05 +2.3948E-05 +6.7890E-47 +1.0101E-12 +2.3948E-05
+6.0400E+02 -8.8816E-05 +2.1912E-05 +2.9375E-47 +7.9486E-13 +2.1912E-05
+6.0700E+02 -1.0287E-04 +1.9157E-05 +8.3080E-48 +5.5367E-13 +1.9157E-05
+6.1000E+02 -1.1889E-04 +1.6727E-05 +2.3321E-48 +3.8465E-13 +1.6727E-05
+6.1200E+02 -1.4862E-04 +1.5270E-05 +9.9558E-49 +3.0129E-13 +1.5270E-05
+6.1400E+02 -1.7986E-04 +1.3931E-05 +4.2360E-49 +2.3573E-13 +1.3931E-05
+6.1800E+02 -1.8955E-04 +1.1576E-05 +7.5917E-50 +1.4379E-13 +1.1576E-05
+6.2000E+02 -2.2399E-04 +1.0543E-05 +3.1977E-50 +1.1211E-13 +1.0543E-05
+6.2300E+02 -2.4883E-04 +9.1545E-06 +8.6869E-51 +7.7015E-14 +9.1545E-06
+6.2500E+02 -2.8665E-04 +8.3257E-06 +3.6285E-51 +5.9873E-14 +8.3257E-06
+6.2800E+02 -3.1433E-04 +7.2133E-06 +9.7337E-52 +4.0952E-14 +7.2133E-06
+6.3100E+02 -3.4251E-04 +6.2414E-06 +2.5915E-52 +2.7937E-14 +6.2414E-06
+6.3300E+02 -3.8140E-04 +5.6633E-06 +1.0680E-52 +2.1619E-14 +5.6633E-06
+6.3600E+02 -4.0932E-04 +4.8897E-06 +2.8079E-53 +1.4684E-14 +4.8897E-06
+6.3900E+02 -4.3758E-04 +4.2163E-06 +7.3266E-54 +9.9484E-15 +4.2163E-06
+6.4100E+02 -4.7640E-04 +3.8170E-06 +2.9792E-54 +7.6628E-15 +3.8170E-06
+6.4400E+02 -5.0479E-04 +3.2843E-06 +7.6763E-55 +5.1689E-15 +3.2843E-06
+6.4600E+02 -5.4139E-04 +2.9689E-06 +3.0953E-55 +3.9699E-15 +2.9689E-06
+6.4800E+02 -5.7430E-04 +2.6823E-06 +1.2439E-55 +3.0455E-15 +2.6823E-06
+6.5100E+02 -5.9216E-04 +2.3010E-06 +3.1491E-56 +2.0419E-15 +2.3010E-06
+6.5300E+02 -6.1271E-04 +2.0759E-06 +1.2550E-56 +1.5619E-15 +2.0759E-06
+6.5700E+02 -6.0819E-04 +1.6867E-06 +1.9731E-57 +9.1073E-16 +1.6867E-06
+6.5900E+02 -6.1442E-04 +1.5190E-06 +7.7843E-58 +6.9423E-16 +1.5190E-06
+6.6100E+02 -6.1287E-04 +1.3673E-06 +3.0608E-58 +5.2858E-16 +1.3673E-06
+6.6400E+02 -5.9530E-04 +1.1663E-06 +7.4992E-59 +3.5042E-16 +1.1663E-06
+6.6700E+02 -5.7132E-04 +9.9363E-07 +1.8235E-59 +2.3170E-16 +9.9363E-07
+6.6900E+02 -5.4939E-04 +8.9230E-07 +7.0745E-60 +1.7560E-16 +8.9230E-07
+6.7100E+02 -5.2136E-04 +8.0085E-07 +2.7354E-60 +1.3293E-16 +8.0085E-07
+6.7300E+02 -4.8782E-04 +7.1836E-07 +1.0541E-60 +1.0052E-16 +7.1836E-07
+6.7600E+02 -4.4341E-04 +6.0961E-07 +2.5057E-61 +6.5946E-17 +6.0961E-07
+6.7900E+02 -3.9751E-04 +5.1666E-07 +5.9117E-62 +4.3153E-17 +5.1666E-07
+6.8100E+02 -3.5788E-04 +4.6238E-07 +2.2477E-62 +3.2479E-17 +4.6238E-07
+6.8400E+02 -3.1197E-04 +3.9103E-07 +5.2367E-63 +2.1161E-17 +3.9103E-07
+6.8500E+02 -2.7879E-04 +3.6968E-07 +3.2168E-63 +1.8334E-17 +3.6968E-07
+6.8900E+02 -2.2895E-04 +2.9489E-07 +4.5424E-64 +1.0302E-17 +2.9489E-07
+6.9100E+02 -1.9317E-04 +2.6314E-07 +1.6983E-64 +7.7090E-18 +2.6314E-07
+6.9300E+02 -1.5969E-04 +2.3468E-07 +6.3285E-65 +5.7620E-18 +2.3468E-07
+6.9600E+02 -1.2367E-04 +1.9745E-07 +1.4305E-65 +3.7153E-18 +1.9745E-07
+6.9900E+02 -9.0819E-05 +1.6590E-07 +3.2092E-66 +2.3893E-18 +1.6590E-07
+7.0200E+02 -6.1216E-05 +1.3922E-07 +7.1452E-67 +1.5326E-18 +1.3922E-07
+7.0300E+02 -4.2467E-05 +1.3128E-07 +4.3234E-67 +1.3210E-18 +1.3128E-07
+7.0500E+02 -2.1982E-05 +1.1667E-07 +1.5789E-67 +9.8053E-19 +1.1667E-07
+7.0800E+02 +5.4210E-19 +9.7654E-08 +3.4628E-68 +6.2568E-19 +9.7654E-08
+7.1200E+02 +2.2279E-05 +7.6872E-08 +4.5262E-69 +3.4234E-19 +7.6872E-08
+7.1400E+02 +3.6579E-05 +6.8145E-08 +1.6282E-69 +2.5279E-19 +6.8145E-08
+7.1600E+02 +4.9195E-05 +6.0374E-08 +5.8374E-70 +1.8645E-19 +6.0374E-08
+7.1800E+02 +6.0339E-05 +5.3458E-08 +2.0858E-70 +1.3735E-19 +5.3458E-08
+7.2100E+02 +7.2944E-05 +4.4493E-08 +4.4271E-71 +8.6664E-20 +4.4493E-08
+7.2300E+02 +8.5035E-05 +3.9340E-08 +1.5686E-71 +6.3662E-20 +3.9340E-08
+7.2700E+02 +1.0215E-04 +3.0702E-08 +1.9497E-72 +3.4233E-20 +3.0702E-08
+7.2800E+02 +1.1997E-04 +2.8846E-08 +1.1552E-72 +2.9294E-20 +2.8846E-08
+7.3200E+02 +1.4358E-04 +2.2448E-08 +1.4119E-73 +1.5661E-20 +2.2448E-08
+7.3400E+02 +1.6896E-04 +1.9785E-08 +4.9113E-74 +1.1431E-20 +1.9785E-08
+7.3600E+02 +1.9686E-04 +1.7428E-08 +1.7027E-74 +8.3343E-21 +1.7428E-08
+7.4000E+02 +2.2615E-04 +1.3500E-08 +2.0259E-75 +4.4147E-21 +1.3500E-08
+7.4100E+02 +2.5774E-04 +1.2661E-08 +1.1873E-75 +3.7636E-21 +1.2661E-08
+7.4400E+02 +2.8869E-04 +1.0433E-08 +2.3783E-76 +2.3277E-21 +1.0433E-08
+7.4600E+02 +3.1979E-04 +9.1640E-09 +8.1078E-77 +1.6873E-21 +9.1640E-09
+7.5000E+02 +3.4735E-04 +7.0578E-09 +9.3284E-78 +8.8349E-22 +7.0578E-09
+7.5400E+02 +3.7219E-04 +5.4232E-09 +1.0590E-78 +4.6047E-22 +5.4232E-09
+7.5300E+02 +4.0234E-04 +5.7936E-09 +1.8267E-78 +5.4217E-22 +5.7936E-09
+7.5700E+02 +4.2060E-04 +4.4441E-09 +2.0528E-79 +2.8160E-22 +4.4441E-09
+7.5800E+02 +4.4032E-04 +4.1575E-09 +1.1861E-79 +2.3889E-22 +4.1575E-09
+7.6100E+02 +4.5206E-04 +3.4011E-09 +2.2762E-80 +1.4559E-22 +3.4011E-09
+7.6500E+02 +4.5702E-04 +2.5969E-09 +2.4903E-81 +7.4919E-23 +2.5969E-09
+7.6700E+02 +4.6251E-04 +2.2672E-09 +8.1954E-82 +5.3651E-23 +2.2672E-09
+7.6700E+02 +4.6917E-04 +2.2672E-09 +8.1954E-82 +5.3651E-23 +2.2672E-09
+7.7300E+02 +4.5551E-04 +1.5035E-09 +2.8629E-83 +1.9566E-23 +1.5035E-09
+7.7300E+02 +4.5554E-04 +1.5035E-09 +2.8629E-83 +1.9566E-23 +1.5035E-09
+7.7600E+02 +4.4361E-04 +1.2220E-09 +5.2905E-84 +1.1770E-23 +1.2220E-09
+7.8100E+02 +4.2193E-04 +8.6255E-10 +3.1191E-85 +5.0164E-24 +8.6255E-10
+7.8000E+02 +4.1758E-04 +9.2506E-10 +5.5037E-85 +5.9528E-24 +9.2506E-10
+7.8300E+02 +3.9778E-04 +7.4960E-10 +9.9930E-86 +3.5592E-24 +7.4960E-10
+7.8600E+02 +3.7622E-04 +6.0663E-10 +1.8008E-86 +2.1226E-24 +6.0663E-10
+7.8700E+02 +3.6069E-04 +5.6515E-10 +1.0154E-86 +1.7856E-24 +5.6515E-10
+7.9200E+02 +3.2959E-04 +3.9576E-10 +5.7165E-88 +7.4899E-25 +3.9576E-10
+7.9400E+02 +3.0952E-04 +3.4284E-10 +1.7979E-88 +5.2805E-25 +3.4284E-10
+7.9600E+02 +2.9010E-04 +2.9683E-10 +5.6358E-89 +3.7186E-25 +2.9683E-10
+7.9900E+02 +2.6818E-04 +2.3887E-10 +9.8287E-90 +2.1927E-25 +2.3887E-10
+8.0100E+02 +2.5257E-04 +2.0652E-10 +3.0552E-90 +1.5397E-25 +2.0652E-10
+8.0200E+02 +2.4366E-04 +1.9198E-10 +1.7012E-90 +1.2896E-25 +1.9198E-10
+8.0400E+02 +2.3327E-04 +1.6584E-10 +5.2615E-91 +9.0395E-26 +1.6584E-10
+8.0900E+02 +2.1230E-04 +1.1472E-10 +2.7581E-92 +3.6997E-26 +1.1472E-10
+8.0900E+02 +2.1356E-04 +1.1472E-10 +2.7581E-92 +3.6997E-26 +1.1472E-10
+8.1000E+02 +2.1161E-04 +1.0652E-10 +1.5255E-92 +3.0917E-26 +1.0652E-10
+8.1500E+02 +1.9342E-04 +7.3369E-11 +7.7979E-94 +1.2545E-26 +7.3369E-11
+8.1500E+02 +1.9698E-04 +7.3369E-11 +7.7979E-94 +1.2545E-26 +7.3369E-11
+8.1600E+02 +1.9649E-04 +6.8068E-11 +4.2914E-94 +1.0465E-26 +6.8068E-11
+8.2100E+02 +1.7880E-04 +4.6682E-11 +2.1390E-95 +4.2094E-27 +4.6682E-11
+8.2300E+02 +1.7367E-04 +4.0104E-11 +6.4079E-96 +2.9183E-27 +4.0104E-11
+8.2600E+02 +1.6388E-04 +3.1900E-11 +1.0441E-96 +1.6810E-27 +3.1900E-11
+8.2700E+02 +1.6205E-04 +2.9548E-11 +5.6930E-97 +1.3978E-27 +2.9548E-11
+8.3300E+02 +1.3843E-04 +1.8606E-11 +1.4701E-98 +4.5938E-28 +1.8606E-11
+8.3400E+02 +1.3517E-04 +1.7217E-11 +7.9688E-99 +3.8123E-28 +1.7217E-11
+8.3600E+02 +1.2699E-04 +1.4736E-11 +2.3357E-99 +2.6232E-28 +1.4736E-11
+8.3400E+02 +1.3460E-04 +1.7217E-11 +7.9688E-99 +3.8123E-28 +1.7217E-11
+8.3800E+02 +1.1666E-04 +1.2605E-11 +6.8230E-100 +1.8030E-28 +1.2605E-11
+8.4400E+02 +9.0473E-05 +7.8624E-12 +1.6669E-101 +5.8132E-29 +7.8624E-12
+8.4600E+02 +7.9975E-05 +6.7101E-12 +4.8044E-102 +3.9770E-29 +6.7101E-12
+8.4900E+02 +6.5470E-05 +5.2846E-12 +7.3876E-103 +2.2455E-29 +5.2846E-12
+8.4800E+02 +6.6015E-05 +5.7233E-12 +1.3801E-102 +2.7176E-29 +5.7233E-12
+8.5300E+02 +4.4128E-05 +3.8357E-12 +6.0147E-104 +1.0437E-29 +3.8357E-12
+8.5400E+02 +3.7322E-05 +3.5392E-12 +3.2061E-104 +8.6115E-30 +3.5392E-12
+8.5800E+02 +2.0466E-05 +2.5615E-12 +2.5668E-105 +3.9795E-30 +2.5615E-12
+8.5900E+02 +1.4701E-05 +2.3618E-12 +1.3625E-105 +3.2787E-30 +2.3618E-12
+8.6300E+02 +2.3717E-20 +1.7044E-12 +1.0727E-106 +1.5064E-30 +1.7044E-12
+8.6600E+02 -9.9251E-06 +1.3325E-12 +1.5803E-107 +8.3811E-31 +1.3325E-12
+8.6900E+02 -1.7913E-05 +1.0404E-12 +2.3106E-108 +4.6508E-31 +1.0404E-12
+8.7200E+02 -2.3602E-05 +8.1130E-13 +3.3529E-109 +2.5741E-31 +8.1130E-13
+8.7500E+02 -2.7013E-05 +6.3182E-13 +4.8289E-110 +1.4210E-31 +6.3182E-13
+8.7700E+02 -2.5948E-05 +5.3443E-13 +1.3212E-110 +9.5487E-32 +5.3443E-13
+8.7800E+02 -2.1126E-05 +4.9141E-13 +6.9023E-111 +7.8241E-32 +4.9141E-13
+8.8200E+02 -2.1561E-05 +3.5078E-13 +5.0982E-112 +3.5166E-32 +3.5078E-13
+8.8400E+02 -1.6841E-05 +2.9611E-13 +1.3786E-112 +2.3535E-32 +2.9611E-13
+8.8600E+02 -1.1685E-05 +2.4982E-13 +3.7154E-113 +1.5733E-32 +2.4982E-13
+8.8900E+02 -7.8071E-06 +1.9338E-13 +5.1656E-114 +8.5802E-33 +1.9338E-13
+8.9100E+02 -2.3691E-06 +1.6291E-13 +1.3805E-114 +5.7191E-33 +1.6291E-13
+8.9400E+02 +1.7752E-06 +1.2584E-13 +1.8953E-115 +3.1056E-33 +1.2584E-13
+8.9500E+02 +7.4308E-06 +1.1542E-13 +9.7613E-116 +2.5322E-33 +1.1542E-13
+8.9800E+02 +1.0740E-05 +8.9002E-14 +1.3267E-116 +1.3702E-33 +8.9002E-14
+9.0100E+02 +1.3674E-05 +6.8539E-14 +1.7896E-117 +7.3954E-34 +6.8539E-14
+9.0300E+02 +1.6198E-05 +5.7542E-14 +4.6875E-118 +4.8953E-34 +5.7542E-14
+9.0600E+02 +1.7828E-05 +4.4216E-14 +6.2440E-119 +2.6307E-34 +4.4216E-14
+9.1100E+02 +2.0150E-05 +2.8423E-14 +2.1332E-120 +9.2904E-35 +2.8423E-14
+9.0900E+02 +1.7430E-05 +3.3933E-14 +8.2547E-120 +1.4100E-34 +3.3933E-14
+9.1300E+02 +1.7430E-05 +2.3794E-14 +5.4944E-121 +6.1142E-35 +2.3794E-14
+9.1500E+02 +1.5262E-05 +1.9907E-14 +1.4104E-121 +4.0193E-35 +1.9907E-14
+9.1900E+02 +1.5362E-05 +1.3911E-14 +9.2005E-123 +1.7308E-35 +1.3911E-14
+9.2100E+02 +1.2253E-05 +1.1618E-14 +2.3381E-123 +1.1338E-35 +1.1618E-14
+9.2500E+02 +1.3256E-05 +8.0908E-15 +1.4948E-124 +4.8488E-36 +8.0908E-15
+9.2600E+02 +7.4827E-06 +7.3884E-15 +7.5006E-125 +3.9182E-36 +7.3884E-15
+9.2800E+02 +4.1215E-06 +6.1584E-15 +1.8838E-125 +2.5564E-36 +6.1584E-15
+9.2800E+02 -4.6829E-06 +6.1584E-15 +1.8838E-125 +2.5564E-36 +6.1584E-15
+9.2800E+02 -1.3412E-05 +6.1584E-15 +1.8838E-125 +2.5564E-36 +6.1584E-15
+9.2800E+02 -2.1771E-05 +6.1584E-15 +1.8838E-125 +2.5564E-36 +6.1584E-15
+9.2900E+02 -2.6528E-05 +5.6213E-15 +9.4290E-126 +2.0640E-36 +5.6213E-15
+9.2800E+02 -3.5865E-05 +6.1584E-15 +1.8838E-125 +2.5564E-36 +6.1584E-15
+9.2800E+02 -4.0851E-05 +6.1584E-15 +1.8838E-125 +2.5564E-36 +6.1584E-15
+9.2800E+02 -4.4015E-05 +6.1584E-15 +1.8838E-125 +2.5564E-36 +6.1584E-15
+9.2800E+02 -4.5270E-05 +6.1584E-15 +1.8838E-125 +2.5564E-36 +6.1584E-15
+9.2700E+02 -4.7628E-05 +6.7459E-15 +3.7605E-125 +3.1654E-36 +6.7459E-15
+9.2700E+02 -4.6107E-05 +6.7459E-15 +3.7605E-125 +3.1654E-36 +6.7459E-15
+9.2700E+02 -4.3653E-05 +6.7459E-15 +3.7605E-125 +3.1654E-36 +6.7459E-15
+9.2600E+02 -4.3114E-05 +7.3884E-15 +7.5006E-125 +3.9182E-36 +7.3884E-15
+9.2700E+02 -3.6975E-05 +6.7459E-15 +3.7605E-125 +3.1654E-36 +6.7459E-15
+9.2800E+02 -3.0460E-05 +6.1584E-15 +1.8838E-125 +2.5564E-36 +6.1584E-15
+9.2700E+02 -2.9330E-05 +6.7459E-15 +3.7605E-125 +3.1654E-36 +6.7459E-15
+9.2600E+02 -2.8233E-05 +7.3884E-15 +7.5006E-125 +3.9182E-36 +7.3884E-15
+9.2400E+02 -2.9648E-05 +8.8588E-15 +2.9764E-124 +5.9986E-36 +8.8588E-15
+9.2600E+02 -2.1967E-05 +7.3884E-15 +7.5006E-125 +3.9182E-36 +7.3884E-15
+9.2900E+02 -1.1547E-05 +5.6213E-15 +9.4290E-126 +2.0640E-36 +5.6213E-15
+9.2700E+02 -1.5536E-05 +6.7459E-15 +3.7605E-125 +3.1654E-36 +6.7459E-15
+9.2600E+02 -1.7361E-05 +7.3884E-15 +7.5006E-125 +3.9182E-36 +7.3884E-15
+9.3200E+02 -0.0000E+00 +4.2713E-15 +1.1764E-126 +1.0844E-36 +4.2713E-15
+9.3200E+02 -9.1927E-07 +4.2713E-15 +1.1764E-126 +1.0844E-36 +4.2713E-15
+9.3300E+02 +7.4764E-07 +3.8966E-15 +5.8684E-127 +8.7454E-37 +3.8966E-15
+9.3300E+02 -1.6620E-06 +3.8966E-15 +5.8684E-127 +8.7454E-37 +3.8966E-15
+9.2900E+02 -1.7342E-05 +5.6213E-15 +9.4290E-126 +2.0640E-36 +5.6213E-15
+9.3200E+02 -1.1442E-05 +4.2713E-15 +1.1764E-126 +1.0844E-36 +4.2713E-15
+9.3100E+02 -1.8337E-05 +4.6815E-15 +2.3563E-126 +1.3443E-36 +4.6815E-15
+9.3000E+02 -2.5131E-05 +5.1303E-15 +4.7155E-126 +1.6660E-36 +5.1303E-15
+9.3200E+02 -2.2283E-05 +4.2713E-15 +1.1764E-126 +1.0844E-36 +4.2713E-15
+9.3200E+02 -2.5344E-05 +4.2713E-15 +1.1764E-126 +1.0844E-36 +4.2713E-15
+9.3100E+02 -3.0966E-05 +4.6815E-15 +2.3563E-126 +1.3443E-36 +4.6815E-15
+9.3100E+02 -3.2497E-05 +4.6815E-15 +2.3563E-126 +1.3443E-36 +4.6815E-15
+9.3000E+02 -3.5901E-05 +5.1303E-15 +4.7155E-126 +1.6660E-36 +5.1303E-15
+9.2800E+02 -4.0332E-05 +6.1584E-15 +1.8838E-125 +2.5564E-36 +6.1584E-15
+9.2800E+02 -3.7158E-05 +6.1584E-15 +1.8838E-125 +2.5564E-36 +6.1584E-15
+9.3400E+02 -1.3203E-05 +3.5541E-15 +2.9250E-127 +7.0507E-37 +3.5541E-15
+9.3100E+02 -1.6775E-05 +4.6815E-15 +2.3563E-126 +1.3443E-36 +4.6815E-15
+9.2500E+02 -2.5522E-05 +8.0908E-15 +1.4948E-124 +4.8488E-36 +8.0908E-15
+9.2900E+02 -6.0329E-06 +5.6213E-15 +9.4290E-126 +2.0640E-36 +5.6213E-15
+9.3200E+02 +1.2836E-05 +4.2713E-15 +1.1764E-126 +1.0844E-36 +4.2713E-15
+9.2900E+02 +1.3451E-05 +5.6213E-15 +9.4290E-126 +2.0640E-36 +5.6213E-15
+9.3300E+02 +3.6226E-05 +3.8966E-15 +5.8684E-127 +8.7454E-37 +3.8966E-15
+9.3300E+02 +4.6182E-05 +3.8966E-15 +5.8684E-127 +8.7454E-37 +3.8966E-15
+9.3300E+02 +5.5720E-05 +3.8966E-15 +5.8684E-127 +8.7454E-37 +3.8966E-15
+9.3900E+02 +8.7708E-05 +2.2391E-15 +8.8852E-129 +2.3912E-37 +2.2391E-15
+9.4000E+02 +9.9915E-05 +2.0406E-15 +4.4064E-129 +1.9245E-37 +2.0406E-15
+9.3900E+02 +1.0216E-04 +2.2391E-15 +8.8852E-129 +2.3912E-37 +2.2391E-15
+9.3200E+02 +8.2013E-05 +4.2713E-15 +1.1764E-126 +1.0844E-36 +4.2713E-15
+9.3200E+02 +8.4968E-05 +4.2713E-15 +1.1764E-126 +1.0844E-36 +4.2713E-15
+9.2800E+02 +7.1030E-05 +6.1584E-15 +1.8838E-125 +2.5564E-36 +6.1584E-15
+9.3600E+02 +9.4027E-05 +2.9557E-15 +7.2482E-128 +4.5789E-37 +2.9557E-15
+9.3800E+02 +9.6847E-05 +2.4566E-15 +1.7901E-128 +2.9702E-37 +2.4566E-15
+9.3600E+02 +8.1980E-05 +2.9557E-15 +7.2482E-128 +4.5789E-37 +2.9557E-15
+9.3500E+02 +6.9625E-05 +3.2414E-15 +1.4567E-127 +5.6827E-37 +3.2414E-15
+9.3700E+02 +6.7075E-05 +2.6948E-15 +3.6036E-128 +3.6884E-37 +2.6948E-15
+9.3600E+02 +5.1187E-05 +2.9557E-15 +7.2482E-128 +4.5789E-37 +2.9557E-15
+9.3700E+02 +4.1457E-05 +2.6948E-15 +3.6036E-128 +3.6884E-37 +2.6948E-15
+9.3600E+02 +2.2177E-05 +2.9557E-15 +7.2482E-128 +4.5789E-37 +2.9557E-15
+9.3400E+02 -2.3082E-06 +3.5541E-15 +2.9250E-127 +7.0507E-37 +3.5541E-15
+9.3800E+02 -5.6232E-06 +2.4566E-15 +1.7901E-128 +2.9702E-37 +2.4566E-15
+9.4000E+02 -1.7500E-05 +2.0406E-15 +4.4064E-129 +1.9245E-37 +2.0406E-15
+9.4100E+02 -3.5139E-05 +1.8594E-15 +2.1834E-129 +1.5484E-37 +1.8594E-15
+9.3700E+02 -7.6108E-05 +2.6948E-15 +3.6036E-128 +3.6884E-37 +2.6948E-15
+9.3900E+02 -8.0170E-05 +2.2391E-15 +8.8852E-129 +2.3912E-37 +2.2391E-15
