10.0     190
10.02    190
10.04    180
10.06    130
10.08    190
10.1     180
10.12    160
10.14    250
10.16    140
10.18    120
10.2     130
10.22001 140
10.24001 140
10.26001 180
10.28001 150
10.30001 110
10.32001 110
10.34001 190
10.36001 230
10.38001 90
10.40001 150
10.42001 140
10.44001 170
10.46001 110
10.48001 120
10.50001 240
10.52001 170
10.54001 190
10.56001 170
10.58001 160
10.60001 140
10.62001 100
10.64001 160
10.66002 170
10.68002 110
10.70002 110
10.72002 100
10.74002 140
10.76002 140
10.78002 140
10.80002 180
10.82002 190
10.84002 120
10.86002 140
10.88002 150
10.90002 180
10.92002 140
10.94002 130
10.96002 130
10.98002 160
11.00002 100
11.02002 100
11.04002 160
11.06002 150
11.08002 100
11.10003 100
11.12003 160
11.14003 210
11.16003 140
11.18003 70
11.20003 170
11.22003 100
11.24003 130
11.26003 120
11.28003 120
11.30003 150
11.32003 150
11.34003 90
11.36003 170
11.38003 100
11.40003 130
11.42003 140
11.44003 110
11.46003 270
11.48003 170
11.50003 110
11.52003 190
11.54004 180
11.56004 110
11.58004 140
11.60004 180
11.62004 190
11.64004 180
11.66004 80
11.68004 140
11.70004 130
11.72004 70
11.74004 100
11.76004 130
11.78004 170
11.80004 80
11.82004 150
11.84004 160
11.86004 140
11.88004 110
11.90004 120
11.92004 200
11.94004 150
11.96004 70
11.98005 180
12.00005 100
12.02005 210
12.04005 180
12.06005 80
12.08005 90
12.10005 90
12.12005 140
12.14005 80
12.16005 80
12.18005 110
12.20005 100
12.22005 170
12.24005 80
12.26005 180
12.28005 130
12.30005 220
12.32005 140
12.34005 100
12.36005 140
12.38005 60
12.40005 130
12.42006 90
12.44006 90
12.46006 110
12.48006 80
12.50006 60
12.52006 90
12.54006 110
12.56006 80
12.58006 110
12.60006 110
12.62006 180
12.64006 100
12.66006 120
12.68006 100
12.70006 60
12.72006 90
12.74006 110
12.76006 110
12.78006 120
12.80006 120
12.82006 140
12.84007 150
12.86007 150
12.88007 160
12.90007 140
12.92007 120
12.94007 80
12.96007 100
12.98007 40
13.00007 20
13.02007 50
13.04007 70
13.06007 30
13.08007 60
13.10007 70
13.12007 110
13.14007 90
13.16007 100
13.18007 80
13.20007 70
13.22007 170
13.24007 60
13.26007 80
13.28008 120
13.30008 40
13.32008 90
13.34008 40
13.36008 50
13.38008 30
13.40008 70
13.42008 110
13.44008 90
13.46008 110
13.48008 120
13.50008 80
13.52008 40
13.54008 40
13.56008 100
13.58008 90
13.60008 130
13.62008 80
13.64008 130
13.66008 130
13.68008 140
13.70008 110
13.72009 160
13.74009 150
13.76009 110
13.78009 60
13.80009 50
13.82009 110
13.84009 40
13.86009 30
13.88009 50
13.90009 70
13.92009 60
13.94009 100
13.96009 110
13.98009 60
14.00009 50
14.02009 70
14.04009 80
14.06009 50
14.08009 100
14.10009 90
14.12009 160
14.14009 170
14.1601  60
14.1801  70
14.2001  80
14.2201  100
14.2401  50
14.2601  30
14.2801  70
14.3001  120
14.3201  80
14.3401  50
14.3601  60
14.3801  70
14.4001  50
14.4201  100
14.4401  60
14.4601  80
14.4801  60
14.5001  90
14.5201  100
14.5401  80
14.5601  80
14.5801  70
14.60011 100
14.62011 100
14.64011 110
14.66011 40
14.68011 30
14.70011 80
14.72011 10
14.74011 80
14.76011 50
14.78011 40
14.80011 10
14.82011 30
14.84011 90
14.86011 60
14.88011 40
14.90011 60
14.92011 90
14.94011 100
14.96011 60
14.98011 50
15.00011 90
15.02011 130
15.04012 90
15.06012 110
15.08012 50
15.10012 100
15.12012 20
15.14012 110
15.16012 100
15.18012 110
15.20012 70
15.22012 80
15.24012 50
15.26012 110
15.28012 30
15.30012 90
15.32012 90
15.34012 90
15.36012 70
15.38012 110
15.40012 60
15.42012 110
15.44012 80
15.46012 40
15.48013 110
15.50013 100
15.52013 120
15.54013 90
15.56013 100
15.58013 110
15.60013 110
15.62013 120
15.64013 130
15.66013 150
15.68013 150
15.70013 160
15.72013 90
15.74013 140
15.76013 80
15.78013 90
15.80013 110
15.82013 90
15.84013 70
15.86013 190
15.88013 130
15.90014 90
15.92014 100
15.94014 120
15.96014 80
15.98014 110
16.00014 90
16.02014 90
16.04014 100
16.06014 80
16.08014 70
16.10014 60
16.12014 70
16.14014 60
16.16014 110
16.18014 40
16.20014 70
16.22014 50
16.24014 40
16.26014 80
16.28014 40
16.30014 80
16.32014 80
16.34015 100
16.36015 80
16.38015 110
16.40015 40
16.42015 70
16.44015 100
16.46015 110
16.48015 130
16.50015 110
16.52015 100
16.54015 70
16.56015 130
16.58015 70
16.60015 150
16.62015 130
16.64015 90
16.66015 40
16.68015 30
16.70015 130
16.72015 120
16.74015 60
16.76015 80
16.78016 60
16.80016 70
16.82016 60
16.84016 60
16.86016 110
16.88016 90
16.90016 90
16.92016 110
16.94016 140
16.96016 130
16.98016 100
17.00016 40
17.02016 100
17.04016 110
17.06016 60
17.08016 80
17.10016 80
17.12016 70
17.14016 110
17.16016 40
17.18016 40
17.20016 80
17.22017 40
17.24017 80
17.26017 40
17.28017 130
17.30017 110
17.32017 100
17.34017 60
17.36017 120
17.38017 80
17.40017 80
17.42017 70
17.44017 50
17.46017 70
17.48017 90
17.50017 80
17.52017 70
17.54017 60
17.56017 60
17.58017 70
17.60017 70
17.62017 50
17.64017 30
17.66018 100
17.68018 90
17.70018 40
17.72018 80
17.74018 90
17.76018 50
17.78018 100
17.80018 30
17.82018 20
17.84018 70
17.86018 60
17.88018 80
17.90018 80
17.92018 150
17.94018 70
17.96018 90
17.98018 50
18.00018 100
18.02018 70
18.04018 60
18.06018 60
18.08018 120
18.10019 70
18.12019 80
18.14019 50
18.16019 40
18.18019 40
18.20019 70
18.22019 90
18.24019 80
18.26019 60
18.28019 40
18.30019 100
18.32019 60
18.34019 40
18.36019 50
18.38019 70
18.40019 30
18.42019 90
18.44019 70
18.46019 120
18.48019 70
18.50019 80
18.5202  90
18.5402  50
18.5602  50
18.5802  50
18.6002  70
18.6202  100
18.6402  90
18.6602  70
18.6802  100
18.7002  50
18.7202  70
18.7402  30
18.7602  50
18.7802  70
18.8002  50
18.8202  30
18.8402  60
18.8602  110
18.8802  60
18.9002  150
18.9202  80
18.9402  110
18.96021 110
18.98021 90
19.00021 80
19.02021 130
19.04021 110
19.06021 110
19.08021 60
19.10021 50
19.12021 100
19.14021 50
19.16021 40
19.18021 50
19.20021 40
19.22021 60
19.24021 70
19.26021 60
19.28021 40
19.30021 50
19.32021 40
19.34021 70
19.36021 60
19.38021 40
19.40022 60
19.42022 50
19.44022 10
19.46022 30
19.48022 60
19.50022 30
19.52022 10
19.54022 40
19.56022 0
19.58022 90
19.60022 20
19.62022 60
19.64022 10
19.66022 10
19.68022 60
19.70022 40
19.72022 40
19.74022 80
19.76022 40
19.78022 10
19.80022 20
19.82022 60
19.84023 50
19.86023 60
19.88023 50
19.90023 70
19.92023 20
19.94023 40
19.96023 80
19.98023 60
20.00023 70
20.02023 10
20.04023 40
20.06023 40
20.08023 40
20.10023 20
20.12023 40
20.14023 60
20.16023 50
20.18023 40
20.20023 70
20.22023 80
20.24023 60
20.26023 40
20.28024 90
20.30024 40
20.32024 50
20.34024 80
20.36024 70
20.38024 90
20.40024 30
20.42024 60
20.44024 90
20.46024 80
20.48024 80
20.50024 120
20.52024 100
20.54024 70
20.56024 90
20.58024 70
20.60024 80
20.62024 140
20.64024 60
20.66024 70
20.68024 150
20.70024 70
20.72025 120
20.74025 60
20.76025 100
20.78025 70
20.80025 90
20.82025 70
20.84025 80
20.86025 80
20.88025 90
20.90025 100
20.92025 90
20.94025 120
20.96025 100
20.98025 180
21.00025 110
21.02025 230
21.04025 220
21.06025 250
21.08025 300
21.10025 480
21.12025 490
21.14025 730
21.16026 590
21.18026 680
21.20026 1010
21.22026 1280
21.24026 1600
21.26026 1760
21.28026 2070
21.30026 2330
21.32026 2790
21.34026 3400
21.36026 4570
21.38026 7200
21.40026 10540
21.42026 12730
21.44026 10250
21.46026 7190
21.48026 5570
21.50026 2990
21.52026 1370
21.54026 690
21.56026 540
21.58027 570
21.60027 430
21.62027 420
21.64027 390
21.66027 310
21.68027 280
21.70027 220
21.72027 120
21.74027 40
21.76027 110
21.78027 70
21.80027 130
21.82027 70
21.84027 80
21.86027 110
21.88027 50
21.90027 80
21.92027 70
21.94027 30
21.96027 90
21.98027 80
22.00027 50
22.02028 80
22.04028 100
22.06028 50
22.08028 90
22.10028 70
22.12028 60
22.14028 140
22.16028 110
22.18028 30
22.20028 110
22.22028 30
22.24028 70
22.26028 40
22.28028 50
22.30028 30
22.32028 80
22.34028 50
22.36028 50
22.38028 30
22.40028 70
22.42028 80
22.44028 30
22.46029 60
22.48029 80
22.50029 90
22.52029 70
22.54029 80
22.56029 70
22.58029 70
22.60029 70
22.62029 40
22.64029 60
22.66029 60
22.68029 70
22.70029 40
22.72029 30
22.74029 30
22.76029 90
22.78029 130
22.80029 60
22.82029 40
22.84029 60
22.86029 30
22.88029 30
22.9003  60
22.9203  50
22.9403  50
22.9603  50
22.9803  60
23.0003  70
23.0203  40
23.0403  120
23.0603  20
23.0803  90
23.1003  40
23.1203  40
23.1403  120
23.1603  110
23.1803  50
23.2003  40
23.2203  30
23.2403  20
23.2603  40
23.2803  60
23.3003  50
23.3203  60
23.34031 60
23.36031 80
23.38031 40
23.40031 50
23.42031 60
23.44031 50
23.46031 40
23.48031 60
23.50031 70
23.52031 40
23.54031 50
23.56031 50
23.58031 50
23.60031 50
23.62031 70
23.64031 80
23.66031 30
23.68031 50
23.70031 90
23.72031 60
23.74031 30
23.76031 30
23.78032 70
23.80032 20
23.82032 70
23.84032 80
23.86032 70
23.88032 20
23.90032 90
23.92032 60
23.94032 60
23.96032 30
23.98032 80
24.00032 60
24.02032 60
24.04032 80
24.06032 80
24.08032 50
24.10032 50
24.12032 60
24.14032 60
24.16032 50
24.18032 90
24.20033 40
24.22033 50
24.24033 80
24.26033 20
24.28033 40
24.30033 30
24.32033 60
24.34033 50
24.36033 30
24.38033 50
24.40033 30
24.42033 100
24.44033 10
24.46033 40
24.48033 30
24.50033 30
24.52033 30
24.54033 50
24.56033 60
24.58033 60
24.60033 80
24.62033 60
24.64034 40
24.66034 70
24.68034 80
24.70034 40
24.72034 50
24.74034 60
24.76034 70
24.78034 40
24.80034 20
24.82034 50
24.84034 60
24.86034 20
24.88034 90
24.90034 60
24.92034 20
24.94034 40
24.96034 90
24.98034 60
25.00034 20
25.02034 30
25.04034 50
25.06034 30
25.08035 40
25.10035 40
25.12035 50
25.14035 40
25.16035 70
25.18035 30
25.20035 70
25.22035 30
25.24035 30
25.26035 60
25.28035 90
25.30035 20
25.32035 60
25.34035 0
25.36035 50
25.38035 70
25.40035 90
25.42035 60
25.44035 40
25.46035 40
25.48035 50
25.50035 40
25.52036 60
25.54036 70
25.56036 60
25.58036 50
25.60036 40
25.62036 60
25.64036 50
25.66036 80
25.68036 30
25.70036 60
25.72036 120
25.74036 60
25.76036 80
25.78036 50
25.80036 70
25.82036 100
25.84036 100
25.86036 60
25.88036 30
25.90036 70
25.92036 60
25.94036 50
25.96037 60
25.98037 20
26.00037 20
26.02037 40
26.04037 110
26.06037 90
26.08037 20
26.10037 70
26.12037 30
26.14037 70
26.16037 50
26.18037 110
26.20037 60
26.22037 70
26.24037 10
26.26037 50
26.28037 70
26.30037 50
26.32037 110
26.34037 80
26.36037 70
26.38037 50
26.40038 40
26.42038 80
26.44038 60
26.46038 70
26.48038 40
26.50038 60
26.52038 40
26.54038 40
26.56038 30
26.58038 60
26.60038 80
26.62038 30
26.64038 60
26.66038 50
26.68038 70
26.70038 60
26.72038 70
26.74038 60
26.76038 60
26.78038 60
26.80038 50
26.82038 50
26.84039 90
26.86039 0
26.88039 110
26.90039 60
26.92039 50
26.94039 90
26.96039 50
26.98039 110
27.00039 50
27.02039 100
27.04039 40
27.06039 40
27.08039 90
27.10039 50
27.12039 100
27.14039 10
27.16039 60
27.18039 60
27.20039 80
27.22039 60
27.24039 50
27.2604  80
27.2804  40
27.3004  50
27.3204  80
27.3404  70
27.3604  50
27.3804  40
27.4004  130
27.4204  60
27.4404  70
27.4604  60
27.4804  50
27.5004  50
27.5204  40
27.5404  170
27.5604  90
27.5804  50
27.6004  40
27.6204  80
27.6404  80
27.6604  50
27.6804  100
27.70041 110
27.72041 90
27.74041 40
27.76041 60
27.78041 90
27.80041 70
27.82041 110
27.84041 60
27.86041 140
27.88041 130
27.90041 50
27.92041 80
27.94041 110
27.96041 60
27.98041 90
28.00041 90
28.02041 80
28.04041 80
28.06041 60
28.08041 90
28.10041 80
28.12041 140
28.14042 40
28.16042 100
28.18042 80
28.20042 100
28.22042 40
28.24042 60
28.26042 80
28.28042 30
28.30042 50
28.32042 50
28.34042 60
28.36042 30
28.38042 60
28.40042 40
28.42042 40
28.44042 100
28.46042 40
28.48042 60
28.50042 110
28.52042 30
28.54042 60
28.56042 90
28.58043 40
28.60043 30
28.62043 40
28.64043 50
28.66043 100
28.68043 50
28.70043 70
28.72043 50
28.74043 50
28.76043 70
28.78043 50
28.80043 40
28.82043 30
28.84043 10
28.86043 30
28.88043 50
28.90043 30
28.92043 40
28.94043 80
28.96043 20
28.98043 50
29.00043 80
29.02044 70
29.04044 40
29.06044 70
29.08044 20
29.10044 70
29.12044 120
29.14044 150
29.16044 140
29.18044 180
29.20044 70
29.22044 100
29.24044 50
29.26044 70
29.28044 50
29.30044 50
29.32044 100
29.34044 80
29.36044 50
29.38044 30
29.40044 50
29.42044 70
29.44044 50
29.46045 90
29.48045 70
29.50045 80
29.52045 50
29.54045 90
29.56045 80
29.58045 100
29.60045 110
29.62045 90
29.64045 150
29.66045 140
29.68045 90
29.70045 40
29.72045 100
29.74045 100
29.76045 60
29.78045 90
29.80045 80
29.82045 90
29.84045 130
29.86045 110
29.88046 110
29.90046 120
29.92046 140
29.94046 60
29.96046 110
29.98046 130
30.00046 220
30.02046 170
30.04046 170
30.06046 160
30.08046 200
30.10046 220
30.12046 380
30.14046 420
30.16046 500
30.18046 730
30.20046 870
30.22046 980
30.24046 1030
30.26046 1150
30.28046 1490
30.30046 1830
30.32047 2230
30.34047 3530
30.36047 4900
30.38047 7200
30.40047 10790
30.42047 16090
30.44047 18840
30.46047 15990
30.48047 11790
30.50047 9550
30.52047 8790
30.54047 6430
30.56047 3550
30.58047 1870
30.60047 1080
30.62047 890
30.64047 880
30.66047 660
30.68047 570
30.70047 350
30.72047 370
30.74047 320
30.76048 300
30.78048 120
30.80048 150
30.82048 170
30.84048 180
30.86048 150
30.88048 60
30.90048 80
30.92048 70
30.94048 50
30.96048 30
30.98048 100
31.00048 90
31.02048 40
31.04048 60
31.06048 110
31.08048 50
31.10048 60
31.12048 100
31.14048 40
31.16048 90
31.18048 50
31.20049 90
31.22049 40
31.24049 60
31.26049 40
31.28049 50
31.30049 50
31.32049 40
31.34049 60
31.36049 100
31.38049 60
31.40049 50
31.42049 50
31.44049 40
31.46049 50
31.48049 40
31.50049 60
31.52049 50
31.54049 50
31.56049 90
31.58049 40
31.60049 60
31.62049 80
31.6405  30
31.6605  50
31.6805  10
31.7005  30
31.7205  50
31.7405  70
31.7605  40
31.7805  70
31.8005  60
31.8205  40
31.8405  50
31.8605  30
31.8805  70
31.9005  50
31.9205  50
31.9405  60
31.9605  20
31.9805  50
32.0005  40
32.0205  50
32.0405  30
32.0605  70
32.08051 40
32.10051 10
32.12051 80
32.14051 30
32.16051 60
32.18051 70
32.20051 30
32.22051 40
32.24051 10
32.26051 10
32.28051 70
32.30051 40
32.32051 50
32.34051 80
32.36051 120
32.38051 40
32.40051 50
32.42051 30
32.44051 90
32.46051 20
32.48051 20
32.50051 40
32.52052 50
32.54052 10
32.56052 50
32.58052 60
32.60052 30
32.62052 30
32.64052 50
32.66052 80
32.68052 60
32.70052 40
32.72052 50
32.74052 50
32.76052 30
32.78052 70
32.80052 30
32.82052 40
32.84052 40
32.86052 90
32.88052 40
32.90052 30
32.92052 40
32.94053 30
32.96053 20
32.98053 30
33.00053 10
33.02053 60
33.04053 10
33.06053 50
33.08053 30
33.10053 30
33.12053 30
33.14053 70
33.16053 20
33.18053 40
33.20053 80
33.22053 50
33.24053 30
33.26053 60
33.28053 60
33.30053 60
33.32053 20
33.34053 20
33.36053 20
33.38054 70
33.40054 30
33.42054 20
33.44054 10
33.46054 50
33.48054 40
33.50054 30
33.52054 40
33.54054 30
33.56054 70
33.58054 50
33.60054 40
33.62054 20
33.64054 40
33.66054 50
33.68054 30
33.70054 40
33.72054 40
33.74054 60
33.76054 30
33.78054 30
33.80054 30
33.82055 40
33.84055 40
33.86055 30
33.88055 100
33.90055 30
33.92055 30
33.94055 0
33.96055 40
33.98055 40
34.00055 40
34.02055 30
34.04055 40
34.06055 40
34.08055 50
34.10055 40
34.12055 30
34.14055 50
34.16055 80
34.18055 40
34.20055 30
34.22055 10
34.24055 10
34.26056 0
34.28056 10
34.30056 30
34.32056 20
34.34056 70
34.36056 30
34.38056 30
34.40056 60
34.42056 40
34.44056 30
34.46056 30
34.48056 0
34.50056 30
34.52056 40
34.54056 60
34.56056 50
34.58056 30
34.60056 40
34.62056 40
34.64056 40
34.66056 80
34.68056 30
34.70057 50
34.72057 40
34.74057 20
34.76057 30
34.78057 40
34.80057 30
34.82057 40
34.84057 20
34.86057 40
34.88057 20
34.90057 50
34.92057 30
34.94057 10
34.96057 30
34.98057 0
35.00057 0
35.02057 40
35.04057 50
35.06057 10
35.08057 10
35.10057 30
35.12057 50
35.14058 50
35.16058 20
35.18058 40
35.20058 20
35.22058 50
35.24058 10
35.26058 20
35.28058 60
35.30058 60
35.32058 0
35.34058 40
35.36058 70
35.38058 20
35.40058 20
35.42058 40
35.44058 20
35.46058 30
35.48058 20
35.50058 20
35.52058 80
35.54058 10
35.56059 30
35.58059 0
35.60059 40
35.62059 30
35.64059 50
35.66059 20
35.68059 40
35.70059 50
35.72059 30
35.74059 30
35.76059 50
35.78059 30
35.80059 50
35.82059 40
35.84059 40
35.86059 120
35.88059 50
35.90059 30
35.92059 50
35.94059 30
35.96059 60
35.98059 30
36.0006  50
36.0206  30
36.0406  30
36.0606  30
36.0806  10
36.1006  60
36.1206  40
36.1406  20
36.1606  50
36.1806  40
36.2006  50
36.2206  30
36.2406  30
36.2606  50
36.2806  50
36.3006  30
36.3206  20
36.3406  60
36.3606  60
36.3806  40
36.4006  0
36.4206  30
36.44061 50
36.46061 40
36.48061 50
36.50061 30
36.52061 40
36.54061 30
36.56061 100
36.58061 40
36.60061 70
36.62061 30
36.64061 110
36.66061 40
36.68061 40
36.70061 70
36.72061 80
36.74061 60
36.76061 80
36.78061 60
36.80061 70
36.82061 0
36.84061 30
36.86061 60
36.88062 30
36.90062 40
36.92062 20
36.94062 50
36.96062 80
36.98062 40
37.00062 70
37.02062 50
37.04062 60
37.06062 80
37.08062 70
37.10062 50
37.12062 30
37.14062 160
37.16062 110
37.18062 150
37.20062 210
37.22062 230
37.24062 330
37.26062 390
37.28062 360
37.30062 410
37.32063 610
37.34063 550
37.36063 670
37.38063 900
37.40063 1160
37.42063 1900
37.44063 2850
37.46063 4320
37.48063 6680
37.50063 7490
37.52063 6510
37.54063 4090
37.56063 3500
37.58063 3680
37.60063 3550
37.62063 2520
37.64063 1420
37.66063 620
37.68063 640
37.70063 400
37.72063 270
37.74063 250
37.76064 130
37.78064 180
37.80064 170
37.82064 110
37.84064 60
37.86064 70
37.88064 110
37.90064 80
37.92064 80
37.94064 60
37.96064 50
37.98064 90
38.00064 80
38.02064 60
38.04064 50
38.06064 110
38.08064 20
38.10064 50
38.12064 110
38.14064 40
38.16064 60
38.18064 20
38.20065 20
38.22065 80
38.24065 60
38.26065 40
38.28065 30
38.30065 60
38.32065 40
38.34065 40
38.36065 80
38.38065 60
38.40065 50
38.42065 30
38.44065 30
38.46065 40
38.48065 50
38.50065 50
38.52065 50
38.54065 20
38.56065 40
38.58065 20
38.60065 0
38.62066 40
38.64066 10
38.66066 30
38.68066 40
38.70066 30
38.72066 30
38.74066 10
38.76066 20
38.78066 30
38.80066 50
38.82066 40
38.84066 70
38.86066 30
38.88066 30
38.90066 40
38.92066 20
38.94066 40
38.96066 50
38.98066 10
39.00066 40
39.02066 50
39.04066 50
39.06067 20
39.08067 60
39.10067 70
39.12067 40
39.14067 50
39.16067 60
39.18067 50
39.20067 60
39.22067 30
39.24067 20
39.26067 50
39.28067 20
39.30067 40
39.32067 40
39.34067 10
39.36067 20
39.38067 100
39.40067 40
39.42067 0
39.44067 20
39.46067 60
39.48067 50
39.50068 90
39.52068 100
39.54068 40
39.56068 60
39.58068 10
39.60068 80
39.62068 100
39.64068 20
39.66068 20
39.68068 70
39.70068 40
39.72068 40
39.74068 20
39.76068 80
39.78068 30
39.80068 80
39.82068 0
39.84068 30
39.86068 40
39.88068 30
39.90068 40
39.92068 40
39.94069 20
39.96069 30
39.98069 50
40.00069 30
40.02069 30
40.04069 70
40.06069 30
40.08069 50
40.10069 10
40.12069 30
40.14069 40
40.16069 30
40.18069 60
40.20069 40
40.22069 40
40.24069 40
40.26069 20
40.28069 10
40.30069 30
40.32069 50
40.34069 10
40.36069 10
40.3807  10
40.4007  30
40.4207  20
40.4407  20
40.4607  0
40.4807  40
40.5007  40
40.5207  40
40.5407  40
40.5607  40
40.5807  20
40.6007  70
40.6207  10
40.6407  10
40.6607  20
40.6807  50
40.7007  20
40.7207  40
40.7407  30
40.7607  50
40.7807  20
40.8007  70
40.82071 10
40.84071 40
40.86071 30
40.88071 30
40.90071 30
40.92071 10
40.94071 60
40.96071 50
40.98071 60
41.00071 40
41.02071 20
41.04071 0
41.06071 40
41.08071 50
41.10071 30
41.12071 50
41.14071 20
41.16071 40
41.18071 40
41.20071 40
41.22071 10
41.24072 40
41.26072 30
41.28072 30
41.30072 30
41.32072 40
41.34072 20
41.36072 20
41.38072 0
41.40072 40
41.42072 30
41.44072 30
41.46072 0
41.48072 40
41.50072 10
41.52072 20
41.54072 0
41.56072 40
41.58072 60
41.60072 30
41.62072 40
41.64072 20
41.66072 30
41.68073 50
41.70073 10
41.72073 30
41.74073 20
41.76073 30
41.78073 70
41.80073 40
41.82073 10
41.84073 40
41.86073 40
41.88073 30
41.90073 30
41.92073 10
41.94073 30
41.96073 20
41.98073 40
42.00073 30
42.02073 40
42.04073 40
42.06073 10
42.08073 0
42.10073 0
42.12074 40
42.14074 50
42.16074 10
42.18074 50
42.20074 10
42.22074 80
42.24074 30
42.26074 70
42.28074 40
42.30074 60
42.32074 50
42.34074 60
42.36074 40
42.38074 20
42.40074 50
42.42074 30
42.44074 30
42.46074 40
42.48074 50
42.50074 30
42.52074 20
42.54074 50
42.56075 30
42.58075 40
42.60075 20
42.62075 30
42.64075 60
42.66075 40
42.68075 70
42.70075 90
42.72075 20
42.74075 50
42.76075 50
42.78075 40
42.80075 20
42.82075 30
42.84075 30
42.86075 60
42.88075 70
42.90075 40
42.92075 50
42.94075 30
42.96075 60
42.98075 60
43.00076 60
43.02076 70
43.04076 30
43.06076 50
43.08076 50
43.10076 50
43.12076 110
43.14076 70
43.16076 80
43.18076 60
43.20076 40
43.22076 30
43.24076 80
43.26076 110
43.28076 80
43.30076 160
43.32076 120
43.34076 210
43.36076 270
43.38076 220
43.40076 330
43.42076 200
43.44077 450
43.46077 590
43.48077 930
43.50077 1530
43.52077 2210
43.54077 3360
43.56077 5180
43.58077 4880
43.60077 2350
43.62077 1320
43.64077 1380
43.66077 2000
43.68077 2470
43.70077 1850
43.72077 850
43.74077 470
43.76077 230
43.78077 230
43.80077 110
43.82077 150
43.84077 120
43.86077 120
43.88078 120
43.90078 20
43.92078 80
43.94078 90
43.96078 70
43.98078 70
44.00078 30
44.02078 50
44.04078 60
44.06078 50
44.08078 60
44.10078 70
44.12078 50
44.14078 20
44.16078 80
44.18078 50
44.20078 20
44.22078 40
44.24078 60
44.26078 50
44.28078 50
44.30079 50
44.32079 40
44.34079 30
44.36079 70
44.38079 30
44.40079 30
44.42079 40
44.44079 40
44.46079 70
44.48079 20
44.50079 30
44.52079 50
44.54079 30
44.56079 0
44.58079 20
44.60079 0
44.62079 30
44.64079 30
44.66079 20
44.68079 50
44.70079 0
44.72079 40
44.7408  30
44.7608  50
44.7808  40
44.8008  50
44.8208  20
44.8408  30
44.8608  10
44.8808  70
44.9008  80
44.9208  30
44.9408  60
44.9608  20
44.9808  10
45.0008  30
45.0208  20
45.0408  30
45.0608  40
45.0808  20
45.1008  40
45.1208  30
45.1408  20
45.1608  60
45.18081 20
45.20081 60
45.22081 30
45.24081 30
45.26081 30
45.28081 30
45.30081 50
45.32081 40
45.34081 10
45.36081 90
45.38081 40
45.40081 20
45.42081 30
45.44081 20
45.46081 10
45.48081 40
45.50081 20
45.52081 30
45.54081 30
45.56081 20
45.58081 40
45.60081 20
45.62082 40
45.64082 0
45.66082 20
45.68082 40
45.70082 50
45.72082 40
45.74082 10
45.76082 50
45.78082 30
45.80082 30
45.82082 60
45.84082 30
45.86082 20
45.88082 30
45.90082 30
45.92082 40
45.94082 30
45.96082 20
45.98082 40
46.00082 10
46.02082 30
46.04082 60
46.06083 40
46.08083 60
46.10083 30
46.12083 40
46.14083 40
46.16083 40
46.18083 20
46.20083 50
46.22083 30
46.24083 30
46.26083 20
46.28083 60
46.30083 70
46.32083 0
46.34083 40
46.36083 10
46.38083 50
46.40083 50
46.42083 20
46.44083 30
46.46083 50
46.48083 40
46.50084 30
46.52084 40
46.54084 40
46.56084 10
46.58084 20
46.60084 10
46.62084 30
46.64084 40
46.66084 20
46.68084 30
46.70084 20
46.72084 70
46.74084 20
46.76084 60
46.78084 30
46.80084 50
46.82084 20
46.84084 70
46.86084 20
46.88084 20
46.90084 60
46.92085 100
46.94085 70
46.96085 40
46.98085 40
47.00085 30
47.02085 30
47.04085 80
47.06085 40
47.08085 30
47.10085 50
47.12085 80
47.14085 10
47.16085 20
47.18085 30
47.20085 50
47.22085 40
47.24085 0
47.26085 40
47.28085 0
47.30085 20
47.32085 50
47.34085 60
47.36086 70
47.38086 50
47.40086 40
47.42086 10
47.44086 20
47.46086 10
47.48086 40
47.50086 50
47.52086 40
47.54086 20
47.56086 60
47.58086 20
47.60086 60
47.62086 30
47.64086 50
47.66086 20
47.68086 0
47.70086 50
47.72086 30
47.74086 40
47.76086 100
47.78086 40
47.80087 50
47.82087 20
47.84087 40
47.86087 30
47.88087 20
47.90087 60
47.92087 80
47.94087 40
47.96087 20
47.98087 70
48.00087 50
48.02087 110
48.04087 70
48.06087 70
48.08087 70
48.10087 70
48.12087 20
48.14087 30
48.16087 20
48.18087 80
48.20087 60
48.22087 40
48.24088 110
48.26088 70
48.28088 60
48.30088 150
48.32088 60
48.34088 140
48.36088 70
48.38088 40
48.40088 80
48.42088 90
48.44088 100
48.46088 60
48.48088 60
48.50088 130
48.52088 120
48.54088 90
48.56088 120
48.58088 90
48.60088 120
48.62088 110
48.64088 160
48.66088 170
48.68089 150
48.70089 180
48.72089 310
48.74089 440
48.76089 420
48.78089 450
48.80089 480
48.82089 420
48.84089 510
48.86089 560
48.88089 980
48.90089 970
48.92089 1520
48.94089 2720
48.96089 3860
48.98089 6070
49.00089 8470
49.02089 9500
49.04089 6150
49.06089 3680
49.08089 2660
49.10089 2640
49.1209  3610
49.1409  4720
49.1609  3870
49.1809  2330
49.2009  1130
49.2209  770
49.2409  490
49.2609  400
49.2809  160
49.3009  290
49.3209  230
49.3409  190
49.3609  130
49.3809  190
49.4009  140
49.4209  60
49.4409  60
49.4609  20
49.4809  60
49.5009  80
49.5209  60
49.5409  70
49.56091 60
49.58091 60
49.60091 50
49.62091 90
49.64091 20
49.66091 70
49.68091 30
49.70091 40
49.72091 80
49.74091 40
49.76091 40
49.78091 30
49.80091 40
49.82091 80
49.84091 60
49.86091 70
49.88091 30
49.90091 50
49.92091 30
49.94091 40
49.96091 70
49.98092 40
50.00092 20
50.02092 20
50.04092 20
50.06092 10
50.08092 20
50.10092 50
50.12092 50
50.14092 30
50.16092 20
50.18092 40
50.20092 30
50.22092 50
50.24092 20
50.26092 30
50.28092 60
50.30092 100
50.32092 60
50.34092 30
50.36092 10
50.38092 30
50.40092 30
50.42093 50
50.44093 60
50.46093 20
50.48093 40
50.50093 10
50.52093 10
50.54093 0
50.56093 60
50.58093 10
50.60093 30
50.62093 60
50.64093 10
50.66093 0
50.68093 20
50.70093 10
50.72093 20
50.74093 10
50.76093 40
50.78093 40
50.80093 40
50.82093 70
50.84093 50
50.86094 0
50.88094 10
50.90094 0
50.92094 20
50.94094 40
50.96094 30
50.98094 10
51.00094 50
51.02094 10
51.04094 10
51.06094 20
51.08094 20
51.10094 10
51.12094 30
51.14094 40
51.16094 50
51.18094 30
51.20094 20
51.22094 40
51.24094 20
51.26094 10
51.28094 20
51.30095 40
51.32095 10
51.34095 20
51.36095 20
51.38095 30
51.40095 0
51.42095 50
51.44095 20
51.46095 30
51.48095 40
51.50095 10
51.52095 90
51.54095 40
51.56095 40
51.58095 40
51.60095 60
51.62095 20
51.64095 30
51.66095 50
51.68095 60
51.70095 10
51.72095 30
51.74096 30
51.76096 50
51.78096 40
51.80096 0
51.82096 50
51.84096 50
51.86096 20
51.88096 40
51.90096 50
51.92096 20
51.94096 40
51.96096 40
51.98096 30
52.00096 20
52.02096 80
52.04096 50
52.06096 60
52.08096 50
52.10096 40
52.12096 30
52.14096 70
52.16096 40
52.18097 40
52.20097 50
52.22097 70
52.24097 60
52.26097 30
52.28097 50
52.30097 30
52.32097 50
52.34097 40
52.36097 10
52.38097 20
52.40097 40
52.42097 20
52.44097 30
52.46097 50
52.48097 20
52.50097 50
52.52097 30
52.54097 60
52.56097 10
52.58097 0
52.60098 30
52.62098 40
52.64098 40
52.66098 40
52.68098 50
52.70098 30
52.72098 70
52.74098 30
52.76098 10
52.78098 50
52.80098 30
52.82098 30
52.84098 50
52.86098 50
52.88098 10
52.90098 50
52.92098 50
52.94098 50
52.96098 20
52.98098 40
53.00098 40
53.02098 40
53.04099 30
53.06099 40
53.08099 70
53.10099 80
53.12099 10
53.14099 70
53.16099 30
53.18099 50
53.20099 40
53.22099 50
53.24099 20
53.26099 50
53.28099 80
53.30099 70
53.32099 40
53.34099 30
53.36099 50
53.38099 60
53.40099 20
53.42099 60
53.44099 50
53.46099 20
53.481   70
53.501   40
53.521   90
53.541   30
53.561   30
53.581   90
53.601   70
53.621   30
53.641   90
53.661   70
53.681   90
53.701   130
53.721   70
53.741   180
53.761   160
53.781   220
53.801   180
53.821   290
53.841   230
53.861   230
53.881   390
53.901   400
53.92101 600
53.94101 740
53.96101 1150
53.98101 1700
54.00101 3000
54.02101 4230
54.04101 5150
54.06101 4290
54.08101 2750
54.10101 1620
54.12101 1270
54.14101 1290
54.16101 2120
54.18101 2370
54.20101 2070
54.22101 1560
54.24101 730
54.26101 540
54.28101 360
54.30101 210
54.32101 230
54.34101 200
54.36102 90
54.38102 150
54.40102 160
54.42102 70
54.44102 80
54.46102 60
54.48102 100
54.50102 50
54.52102 30
54.54102 40
54.56102 30
54.58102 50
54.60102 50
54.62102 50
54.64102 60
54.66102 40
54.68102 30
54.70102 40
54.72102 30
54.74102 30
54.76102 30
54.78102 50
54.80103 40
54.82103 20
54.84103 80
54.86103 50
54.88103 50
54.90103 30
54.92103 40
54.94103 0
54.96103 50
54.98103 30
55.00103 60
55.02103 30
55.04103 30
55.06103 40
55.08103 50
55.10103 20
55.12103 40
55.14103 80
55.16103 30
55.18103 40
55.20103 0
55.22104 50
55.24104 30
55.26104 10
55.28104 30
55.30104 10
55.32104 20
55.34104 30
55.36104 50
55.38104 40
55.40104 30
55.42104 50
55.44104 30
55.46104 60
55.48104 50
55.50104 60
55.52104 10
55.54104 60
55.56104 50
55.58104 40
55.60104 30
55.62104 60
55.64104 30
55.66105 30
55.68105 30
55.70105 40
55.72105 20
55.74105 50
55.76105 20
55.78105 30
55.80105 20
55.82105 30
55.84105 30
55.86105 10
55.88105 20
55.90105 30
55.92105 40
55.94105 0
55.96105 30
55.98105 20
56.00105 80
56.02105 0
56.04105 10
56.06105 0
56.08105 30
56.10106 0
56.12106 0
56.14106 50
56.16106 20
56.18106 40
56.20106 50
56.22106 20
56.24106 50
56.26106 30
56.28106 20
56.30106 60
56.32106 10
56.34106 60
56.36106 10
56.38106 50
56.40106 40
56.42106 20
56.44106 50
56.46106 0
56.48106 30
56.50106 50
56.52106 60
56.54107 30
56.56107 40
56.58107 10
56.60107 60
56.62107 10
56.64107 50
56.66107 10
56.68107 20
56.70107 20
56.72107 40
56.74107 40
56.76107 10
56.78107 20
56.80107 20
56.82107 0
56.84107 50
56.86107 50
56.88107 20
56.90107 20
56.92107 30
56.94107 10
56.96107 10
56.98108 30
57.00108 10
57.02108 50
57.04108 40
57.06108 50
57.08108 40
57.10108 20
57.12108 40
57.14108 10
57.16108 20
57.18108 10
57.20108 30
57.22108 50
57.24108 40
57.26108 30
57.28108 30
57.30108 0
57.32108 30
57.34108 0
57.36108 50
57.38108 0
57.40108 10
57.42109 60
57.44109 10
57.46109 0
57.48109 20
57.50109 20
57.52109 30
57.54109 30
57.56109 40
57.58109 60
57.60109 50
57.62109 10
57.64109 30
57.66109 30
57.68109 10
57.70109 0
57.72109 20
57.74109 40
57.76109 30
57.78109 30
57.80109 20
57.82109 50
57.84109 10
57.8611  60
57.8811  40
57.9011  30
57.9211  0
57.9411  40
57.9611  20
57.9811  30
58.0011  30
58.0211  10
58.0411  40
58.0611  40
58.0811  30
58.1011  40
58.1211  20
58.1411  40
58.1611  40
58.1811  0
58.2011  20
58.2211  30
58.2411  50
58.2611  20
58.28111 0
58.30111 20
58.32111 20
58.34111 10
58.36111 40
58.38111 40
58.40111 40
58.42111 60
58.44111 40
58.46111 20
58.48111 0
58.50111 60
58.52111 30
58.54111 30
58.56111 30
58.58111 30
58.60111 40
58.62111 10
58.64111 10
58.66111 10
58.68111 20
58.70111 10
58.72112 30
58.74112 20
58.76112 10
58.78112 10
58.80112 70
58.82112 60
58.84112 10
58.86112 40
58.88112 10
58.90112 60
58.92112 20
58.94112 0
58.96112 50
58.98112 50
59.00112 0
59.02112 10
59.04112 20
59.06112 10
59.08112 20
59.10112 10
59.12112 30
59.14112 40
59.16113 80
59.18113 20
59.20113 30
59.22113 30
59.24113 10
59.26113 30
59.28113 10
59.30113 20
59.32113 20
59.34113 30
59.36113 50
59.38113 20
59.40113 10
59.42113 20
59.44113 40
59.46113 20
59.48113 20
59.50113 30
59.52113 30
59.54113 30
59.56113 30
59.58113 40
59.60114 30
59.62114 10
59.64114 70
59.66114 40
59.68114 50
59.70114 40
59.72114 20
59.74114 20
59.76114 20
59.78114 10
59.80114 20
59.82114 10
59.84114 40
59.86114 0
59.88114 50
59.90114 30
59.92114 20
59.94114 20
59.96114 30
59.98114 10
60.00114 20
60.02114 20
60.04115 20
60.06115 50
60.08115 20
60.10115 30
60.12115 50
60.14115 10
60.16115 10
60.18115 30
60.20115 40
60.22115 10
60.24115 0
60.26115 10
60.28115 50
60.30115 20
60.32115 20
60.34115 10
60.36115 0
60.38115 10
60.40115 20
60.42115 30
60.44115 50
60.46115 10
60.48116 30
60.50116 20
60.52116 0
60.54116 50
60.56116 80
60.58116 70
60.60116 30
60.62116 50
60.64116 10
60.66116 30
60.68116 30
60.70116 30
60.72116 40
60.74116 10
60.76116 0
60.78116 20
60.80116 20
60.82116 0
60.84116 30
60.86116 10
60.88116 30
60.90117 60
60.92117 20
60.94117 20
60.96117 30
60.98117 0
61.00117 20
61.02117 30
61.04117 30
61.06117 20
61.08117 50
61.10117 20
61.12117 40
61.14117 50
61.16117 10
61.18117 40
61.20117 10
61.22117 10
61.24117 30
61.26117 30
61.28117 20
61.30117 0
61.32117 0
61.34118 40
61.36118 50
61.38118 30
61.40118 20
61.42118 10
61.44118 10
61.46118 30
61.48118 30
61.50118 10
61.52118 30
61.54118 20
61.56118 20
61.58118 30
61.60118 50
61.62118 0
61.64118 40
61.66118 20
61.68118 60
61.70118 40
61.72118 10
61.74118 20
61.76118 30
61.78119 20
61.80119 50
61.82119 50
61.84119 10
61.86119 0
61.88119 10
61.90119 30
61.92119 30
61.94119 30
61.96119 10
61.98119 30
62.00119 40
62.02119 10
62.04119 40
62.06119 40
62.08119 10
62.10119 20
62.12119 30
62.14119 60
62.16119 20
62.18119 40
62.20119 10
62.2212  30
62.2412  40
62.2612  10
62.2812  10
62.3012  20
62.3212  30
62.3412  40
62.3612  20
62.3812  40
62.4012  30
62.4212  40
62.4412  30
62.4612  40
62.4812  20
62.5012  20
62.5212  20
62.5412  60
62.5612  10
62.5812  20
62.6012  80
62.6212  40
62.6412  10
62.66121 60
62.68121 40
62.70121 50
62.72121 70
62.74121 40
62.76121 10
62.78121 60
62.80121 20
62.82121 30
62.84121 30
62.86121 20
62.88121 70
62.90121 30
62.92121 40
62.94121 80
62.96121 120
62.98121 80
63.00121 70
63.02121 60
63.04121 90
63.06121 70
63.08121 180
63.10122 180
63.12122 130
63.14122 140
63.16122 230
63.18122 260
63.20122 640
63.22122 1050
63.24122 1650
63.26122 1800
63.28122 1690
63.30122 1150
63.32122 660
63.34122 320
63.36122 400
63.38122 300
63.40122 660
63.42122 880
63.44122 770
63.46122 830
63.48122 540
63.50122 240
63.52122 280
63.54123 120
63.56123 120
63.58123 110
63.60123 60
63.62123 40
63.64123 30
63.66123 100
63.68123 70
63.70123 70
63.72123 70
63.74123 50
63.76123 20
63.78123 20
63.80123 30
63.82123 40
63.84123 50
63.86123 50
63.88123 50
63.90123 20
63.92123 30
63.94123 50
63.96124 10
63.98124 40
64.00124 60
64.02124 20
64.04124 30
64.06123 40
64.08124 30
64.10124 40
64.12124 20
64.14124 30
64.16124 30
64.18124 10
64.20124 10
64.22124 30
64.24124 20
64.26125 20
64.28124 40
64.30124 20
64.32124 20
64.34125 50
64.36124 30
64.38124 50
64.40125 30
64.42125 30
64.44125 40
64.46124 20
64.48125 90
64.50125 40
64.52125 40
64.54124 40
64.56125 30
64.58125 50
64.60125 40
64.62125 40
64.64125 40
64.66125 30
64.68125 10
64.70125 50
64.72125 20
64.74126 30
64.76125 20
64.78125 30
64.80125 10
64.82126 30
64.84126 30
64.86125 40
64.88126 20
64.90126 30
64.92126 70
64.94125 40
64.96126 10
64.98126 40
65.00126 50
65.02126 30
65.04126 20
65.06126 0
65.08126 20
65.10126 50
65.12126 50
65.14127 20
65.16126 20
65.18126 50
65.20126 30
65.22127 20
65.24126 40
65.26126 20
65.28127 10
65.30127 0
65.32127 40
65.34126 30
65.36127 60
65.38127 30
65.40127 10
65.42126 60
65.44127 30
65.46127 0
65.48127 10
65.50127 40
65.52127 10
65.54128 30
65.56127 30
65.58127 0
65.60127 30
65.62128 20
65.64127 20
65.66127 20
65.68127 30
65.70128 20
65.72128 10
65.74127 10
65.76128 50
65.78128 40
65.80128 40
65.82127 30
65.84128 30
65.86128 30
65.88128 40
65.90128 30
65.92128 30
65.94128 10
65.96128 40
65.98128 10
66.00128 30
66.02129 10
66.04128 50
66.06128 20
66.08128 10
66.10129 10
66.12128 20
66.14128 50
66.16129 70
66.18129 20
66.20129 20
66.22128 10
66.24129 20
66.26129 20
66.28129 30
66.30128 20
66.32129 40
66.34129 40
66.36129 40
66.38129 30
66.40129 30
66.4213  60
66.44129 40
66.46129 0
66.48129 30
66.5013  50
66.52129 40
66.54129 60
66.56129 50
66.5813  90
66.6013  50
66.62129 60
66.6413  60
66.6613  60
66.6813  80
66.70129 40
66.7213  30
66.7413  70
66.7613  40
66.7813  50
66.8013  60
66.8213  50
66.8413  90
66.8613  50
66.8813  20
66.90131 60
66.9213  80
66.9413  40
66.9613  40
66.98131 70
67.0013  60
67.0213  70
67.04131 50
67.06131 10
67.08131 30
67.1013  30
67.12131 80
67.14131 80
67.16131 110
67.1813  120
67.20131 90
67.22131 50
67.24131 60
67.26131 90
67.28131 110
67.30132 220
67.32131 120
67.34131 240
67.36131 250
67.38132 150
67.40131 280
67.42131 240
67.44131 310
67.46132 520
67.48132 650
67.50131 820
67.52132 1020
67.54132 1920
67.56132 2940
67.58131 4020
67.60132 4700
67.62132 3420
67.64132 2070
67.66132 1180
67.68132 900
67.70132 820
67.72132 1310
67.74132 1510
67.76132 1720
67.78133 2140
67.80132 1870
67.82132 1370
67.84132 750
67.86133 280
67.88132 300
67.90132 230
67.92133 230
67.94133 150
67.96133 140
67.98132 150
68.00133 140
68.02133 100
68.04133 140
68.06133 70
68.08133 60
68.10133 70
68.12133 60
68.14133 60
68.16133 30
68.18134 30
68.20133 50
68.22133 50
68.24133 50
68.26134 60
68.28133 80
68.30133 50
68.32133 40
68.34134 40
68.36134 20
68.38133 50
68.40134 40
68.42134 30
68.44134 40
68.46133 20
68.48134 20
68.50134 40
68.52134 10
68.54134 10
68.56134 50
68.58134 60
68.60134 0
68.62134 30
68.64134 20
68.66135 90
68.68134 30
68.70134 10
68.72134 50
68.74135 70
68.76134 20
68.78134 40
68.80135 20
68.82135 30
68.84135 70
68.86134 40
68.88135 40
68.90135 40
68.92135 30
68.94135 30
68.96135 40
68.98135 60
69.00135 60
69.02135 30
69.04135 40
69.06136 40
69.08135 40
69.10135 10
69.12135 10
69.14136 30
69.16135 50
69.18135 30
69.20135 40
69.22136 10
69.24136 20
69.26135 50
69.28136 20
69.30136 30
69.32136 10
69.34135 40
69.36136 10
69.38136 30
69.40136 40
69.42136 10
69.44136 10
69.46136 50
69.48136 10
69.50136 70
69.52136 70
69.54137 40
69.56136 20
69.58136 20
69.60136 20
69.62137 10
69.64137 10
69.66136 10
69.68137 60
69.70137 30
69.72137 20
69.74136 50
69.76137 50
69.78137 60
69.80137 30
69.82137 30
69.84137 40
69.86137 40
69.88137 40
69.90137 20
69.92137 60
69.94138 50
69.96137 30
69.98137 40
70.00137 20
70.02138 30
70.04137 60
70.06137 50
70.08138 30
70.10138 80
70.12138 20
70.14137 30
70.16138 20
70.18138 30
70.20138 30
70.22137 70
70.24138 40
70.26138 50
70.28138 40
70.30138 20
70.32138 40
70.34138 30
70.36138 60
70.38138 30
70.40138 0
70.42139 60
70.44138 60
70.46138 30
70.48138 30
70.50139 70
70.52139 30
70.54138 30
70.56139 40
70.58139 40
70.60139 40
70.62138 20
70.64139 10
70.66139 40
70.68139 30
70.70139 60
70.72139 40
70.74139 40
70.76139 10
70.78139 30
70.80139 70
70.8214  40
70.84139 50
70.86139 20
70.88139 30
70.9014  10
70.92139 60
70.94139 30
70.9614  50
70.9814  30
71.0014  20
71.02139 30
71.0414  80
71.0614  80
71.0814  60
71.10139 40
71.1214  40
71.1414  40
71.1614  50
71.1814  20
71.2014  50
71.22141 40
71.2414  30
71.2614  60
71.2814  50
71.30141 60
71.3214  40
71.3414  70
71.3614  70
71.38141 70
71.40141 70
71.4214  70
71.44141 110
71.46141 110
71.48141 150
71.5014  90
71.52141 150
71.54141 180
71.56141 130
71.58141 200
71.60141 170
71.62141 230
71.64141 230
71.66141 360
71.68141 500
71.70142 570
71.72141 1000
71.74141 1580
71.76141 2750
71.78142 4040
71.80141 3900
71.82141 2660
71.84142 1660
71.86142 970
71.88142 550
71.90141 500
71.92142 520
71.94142 770
71.96142 1160
71.98141 1500
72.00142 1700
72.02142 1440
72.04142 780
72.06142 440
72.08142 290
72.10143 170
72.12142 190
72.14142 120
72.16142 150
72.18143 150
72.20142 100
72.22142 70
72.24142 70
72.26143 50
72.28143 40
72.30142 50
72.32143 20
72.34143 60
72.36143 60
72.38142 40
72.40143 40
72.42143 10
72.44143 10
72.46143 50
72.48143 30
72.50143 10
72.52143 50
72.54143 40
72.56143 60
72.58144 60
72.60143 30
72.62143 50
72.64143 40
72.66144 40
72.68143 50
72.70143 10
72.72144 30
72.74144 10
72.76144 0
72.78143 70
72.80144 10
72.82144 30
72.84144 30
72.86143 70
72.88144 20
72.90144 30
72.92144 20
72.94144 60
72.96144 30
72.98145 60
73.00144 10
73.02144 70
73.04144 40
73.06145 50
73.08144 20
73.10144 10
73.12144 50
73.14145 0
73.16145 20
73.18144 30
73.20145 60
73.22145 20
73.24145 20
73.26144 30
73.28145 20
73.30145 10
73.32145 20
73.34145 20
73.36145 20
73.38145 40
73.40145 20
73.42145 40
73.44145 30
73.46146 0
73.48145 0
73.50145 10
73.52145 50
73.54146 10
73.56145 20
73.58145 20
73.60146 20
73.62146 30
73.64146 50
73.66145 80
73.68146 0
73.70146 30
73.72146 30
73.74146 10
73.76146 40
73.78146 20
73.80146 50
73.82146 40
73.84146 50
73.86147 0
73.88146 40
73.90146 30
73.92146 20
73.94147 20
73.96146 0
73.98146 10
74.00146 0
74.02147 20
74.04147 40
74.06146 50
74.08147 20
74.10147 50
74.12147 30
74.14146 30
74.16147 30
74.18147 20
74.20147 60
74.22147 20
74.24147 20
74.26147 40
74.28147 20
74.30147 10
74.32147 40
74.34148 30
74.36147 40
74.38147 10
74.40147 10
74.42148 20
74.44147 10
74.46147 10
74.48148 10
74.50148 10
74.52148 0
74.54147 30
74.56148 10
74.58148 50
74.60148 30
74.62148 30
74.64148 60
74.66148 20
74.68148 30
74.70148 60
74.72148 40
74.74149 10
74.76148 30
74.78148 20
74.80148 30
74.82149 30
74.84148 50
74.86148 30
74.88148 40
74.90149 40
74.92149 30
74.94148 60
74.96149 40
74.98149 40
75.00149 20
75.02148 10
75.04149 30
75.06149 0
75.08149 0
75.10149 60
75.12149 50
75.14149 30
75.16149 50
75.18149 30
75.20149 40
75.2215  70
75.24149 30
75.26149 30
75.28149 30
75.3015  50
75.3215  70
75.34149 30
75.3615  50
75.3815  60
75.4015  70
75.42149 50
75.4415  20
75.4615  30
75.4815  50
75.5015  60
75.5215  40
75.5415  20
75.5615  100
75.5815  50
75.6015  70
75.62151 110
75.6415  90
75.6615  140
75.6815  80
75.70151 120
75.7215  220
75.7415  210
75.76151 190
75.78151 190
75.80151 420
75.8215  610
75.84151 1130
75.86151 1460
75.88151 1980
75.9015  1830
75.92151 1330
75.94151 850
75.96151 560
75.98151 310
76.00151 240
76.02151 300
76.04151 440
76.06151 520
76.08151 750
76.10152 1070
76.12151 1020
76.14151 680
76.16151 440
76.18152 250
76.20152 240
76.22151 130
76.24152 100
76.26152 90
76.28152 60
76.30151 90
76.32152 70
76.34152 30
76.36152 60
76.38152 30
76.40152 80
76.42152 60
76.44152 50
76.46152 50
76.48152 50
76.50153 50
76.52152 50
76.54152 20
76.56152 20
76.58153 70
76.60152 20
76.62152 20
76.64153 20
76.66153 10
76.68153 60
76.70152 20
76.72153 10
76.74153 30
76.76153 50
76.78152 30
76.80153 50
76.82153 50
76.84153 70
76.86153 20
76.88153 30
76.90154 30
76.92153 40
76.94153 0
76.96153 20
76.98154 60
77.00153 20
77.02153 30
77.04153 0
77.06154 10
77.08154 50
77.10153 20
77.12154 10
77.14154 10
77.16154 10
77.18153 20
77.20154 0
77.22154 20
77.24154 20
77.26154 20
77.28154 40
77.30154 40
77.32154 60
77.34154 30
77.36154 30
77.38155 50
77.40154 30
77.42154 10
77.44154 20
77.46155 40
77.48154 30
77.50154 70
77.52155 80
77.54155 20
77.56155 10
77.58154 0
77.60155 10
77.62155 30
77.64155 30
77.66154 40
77.68155 40
77.70155 30
77.72155 40
77.74155 10
77.76155 20
77.78156 20
77.80155 30
77.82155 80
77.84155 10
77.86156 20
77.88155 60
77.90155 50
77.92155 20
77.94156 20
77.96156 40
77.98155 0
78.00156 60
78.02156 40
78.04156 10
78.06155 30
78.08156 30
78.10156 20
78.12156 20
78.14156 0
78.16156 0
78.18156 20
78.20156 30
78.22156 20
78.24156 20
78.26157 40
78.28156 0
78.30156 40
78.32156 20
78.34157 30
78.36156 10
78.38156 30
78.40157 30
78.42157 10
78.44157 30
78.46156 10
78.48157 30
78.50157 0
78.52157 30
78.54156 0
78.56157 40
78.58157 20
78.60157 50
78.62157 30
78.64157 10
78.66158 10
78.68157 20
78.70157 30
78.72157 30
78.74158 30
78.76157 20
78.78157 20
78.80157 30
78.82158 10
78.84158 0
78.86157 30
78.88158 40
78.90158 50
78.92158 60
78.94157 50
78.96158 10
78.98158 20
79.00158 10
79.02158 10
79.04158 60
79.06158 10
79.08158 30
79.10158 30
79.12158 20
79.14159 0
79.16158 0
79.18158 30
79.20158 30
79.22159 60
79.24158 50
79.26158 40
79.28159 50
79.30159 30
79.32159 60
79.34158 20
79.36159 10
79.38159 30
79.40159 50
79.42159 10
79.44159 50
79.46159 40
79.48159 80
79.50159 60
79.52159 0
79.5416  20
79.56159 30
79.58159 10
79.60159 80
79.6216  30
79.64159 0
79.66159 60
79.68159 40
79.7016  30
79.7216  40
79.74159 40
79.7616  10
79.7816  70
79.8016  100
79.82159 80
79.8416  100
79.8616  250
79.8816  280
79.9016  400
79.9216  340
79.9416  340
79.9616  180
79.9816  150
80.0016  70
80.02161 40
80.0416  70
80.0616  90
80.0816  50
80.10161 110
80.1216  250
80.1416  290
80.16161 250
80.18161 190
80.20161 150
80.2216  90
80.24161 60
80.26161 60
80.28161 50
80.30161 40
80.32161 50
80.34161 30
80.36161 30
80.38161 60
80.40161 20
80.42162 30
80.44161 10
80.46161 10
80.48161 30
80.50162 20
80.52161 50
80.54161 40
80.56161 20
80.58162 10
80.60162 20
80.62161 50
80.64162 30
80.66162 20
80.68162 0
80.70161 30
80.72162 20
80.74162 10
80.76162 0
80.78162 50
80.80162 40
80.82162 30
80.84162 60
80.86162 0
80.88162 10
80.90163 50
80.92162 0
80.94162 50
80.96162 40
80.98163 30
81.00163 30
81.02162 30
81.04163 10
81.06163 30
81.08163 30
81.10162 10
81.12163 30
81.14163 20
81.16163 10
81.18163 20
81.20163 30
81.22163 30
81.24163 20
81.26163 40
81.28163 30
81.30164 10
81.32163 20
81.34163 0
81.36163 40
81.38164 10
81.40163 30
81.42163 30
81.44164 70
81.46164 60
81.48164 30
81.50163 10
81.52164 20
81.54164 20
81.56164 10
81.58163 60
81.60164 30
81.62164 10
81.64164 20
81.66164 30
81.68164 30
81.70164 0
81.72164 50
81.74164 30
81.76164 10
81.78165 20
81.80164 20
81.82164 10
81.84164 30
81.86165 50
81.88165 30
81.90164 40
81.92165 20
81.94165 0
81.96165 60
81.98164 20
82.00165 50
82.02165 10
82.04165 30
82.06165 20
82.08165 40
82.10165 10
82.12165 0
82.14165 30
82.16165 10
82.18166 0
82.20165 50
82.22165 40
82.24165 30
82.26166 30
82.28165 60
82.30165 50
82.32166 10
82.34166 20
82.36166 30
82.38165 20
82.40166 10
82.42166 40
82.44166 50
82.46165 30
82.48166 0
82.50166 20
82.52166 40
82.54166 30
82.56166 20
82.58167 40
82.60166 10
82.62166 20
82.64166 30
82.66167 20
82.68166 30
82.70166 20
82.72166 50
82.74167 60
82.76167 60
82.78166 50
82.80167 10
82.82167 50
82.84167 20
82.86166 20
82.88167 30
82.90167 30
82.92167 30
82.94167 0
82.96167 20
82.98167 30
83.00167 0
83.02167 20
83.04167 20
83.06168 70
83.08167 30
83.10167 20
83.12167 50
83.14168 40
83.16167 30
83.18167 20
83.20168 70
83.22168 10
83.24168 40
83.26167 30
83.28168 50
83.30168 50
83.32168 80
83.34167 50
83.36168 40
83.38168 30
83.40168 60
83.42168 50
83.44168 20
83.46169 50
83.48168 60
83.50168 70
83.52168 50
83.54169 90
83.56168 70
83.58168 50
83.60168 70
83.62169 50
83.64169 70
83.66168 60
83.68169 70
83.70169 90
83.72169 90
83.74168 110
83.76169 90
83.78169 100
83.80169 270
83.82169 380
83.84169 570
83.86169 1020
83.88169 1120
83.90169 1100
83.92169 780
83.9417  520
83.96169 410
83.98169 220
84.00169 110
84.0217  150
84.04169 220
84.06169 220
84.0817  300
84.1017  510
84.1217  400
84.14169 620
84.1617  450
84.1817  270
84.2017  150
84.22169 170
84.2417  80
84.2617  140
84.2817  80
84.3017  80
84.3217  90
84.34171 50
84.3617  50
84.3817  40
84.4017  60
84.42171 50
84.4417  30
84.4617  10
84.4817  20
84.50171 40
84.52171 30
84.5417  30
84.56171 30
84.58171 10
84.60171 40
84.6217  50
84.64171 20
84.66171 20
84.68171 40
84.70171 40
84.72171 10
84.74171 30
84.76171 20
84.78171 30
84.80171 30
84.82172 20
84.84171 40
84.86171 30
84.88171 50
84.90172 30
84.92171 40
84.94171 40
84.96172 20
84.98172 30
85.00172 10
85.02171 0
85.04172 10
85.06172 0
85.08172 10
85.10172 20
85.12172 20
85.14172 30
85.16172 10
85.18172 50
85.20172 0
85.22173 10
85.24172 30
85.26172 10
85.28172 20
85.30173 20
85.32172 40
85.34172 30
85.36172 20
85.38173 20
85.40173 40
85.42172 20
85.44173 10
85.46173 50
85.48173 10
85.50172 20
85.52173 10
85.54173 40
85.56173 10
85.58173 20
85.60173 20
85.62173 20
85.64173 20
85.66173 50
85.68173 40
85.70174 20
85.72173 10
85.74173 30
85.76173 10
85.78174 20
85.80173 20
85.82173 30
85.84174 10
85.86174 20
85.88174 10
85.90173 20
85.92174 30
85.94174 40
85.96174 20
85.98174 30
86.00174 10
86.02174 20
86.04174 30
86.06174 20
86.08174 20
86.10175 20
86.12174 0
86.14174 40
86.16174 30
86.18175 30
86.20174 20
86.22174 40
86.24174 30
86.26175 20
86.28175 30
86.30174 10
86.32175 10
86.34175 30
86.36175 20
86.38174 30
86.40175 40
86.42175 10
86.44175 70
86.46175 20
86.48175 70
86.50175 30
86.52175 10
86.54175 10
86.56175 40
86.58176 20
86.60175 70
86.62175 50
86.64175 10
86.66176 70
86.68176 40
86.70175 10
86.72176 50
86.74176 10
86.76176 30
86.78175 10
86.80176 40
86.82176 50
86.84176 30
86.86176 30
86.88176 10
86.90176 30
86.92176 20
86.94176 0
86.96176 20
86.98177 10
87.00176 20
87.02176 40
87.04176 40
87.06177 0
87.08176 30
87.10176 30
87.12177 50
87.14177 10
87.16177 30
87.18176 20
87.20177 70
87.22177 40
87.24177 40
87.26176 70
87.28177 40
87.30177 20
87.32177 80
87.34177 50
87.36177 120
87.38177 100
87.40177 20
87.42177 60
87.44177 70
87.46178 60
87.48177 110
87.50177 70
87.52177 110
87.54178 140
87.56178 120
87.58177 110
87.60178 130
87.62178 160
87.64178 170
87.66177 230
87.68178 140
87.70178 160
87.72178 340
87.74178 450
87.76178 670
87.78178 1290
87.80178 1830
87.82178 2660
87.84178 2450
87.86179 1960
87.88178 1310
87.90178 760
87.92178 520
87.94179 560
87.96178 330
87.98178 310
88.00179 280
88.02179 350
88.04179 560
88.06178 810
88.08179 1150
88.10179 1250
88.12179 1070
88.14178 930
88.16179 510
88.18179 350
88.20179 240
88.22179 150
88.24179 170
88.2618  140
88.28179 160
88.30179 60
88.32179 30
88.3418  90
88.36179 70
88.38179 60
88.40179 90
88.4218  60
88.4418  60
88.46179 40
88.4818  40
88.5018  40
88.5218  60
88.54179 40
88.5618  60
88.5818  20
88.6018  60
88.6218  30
88.6418  50
88.6618  50
88.6818  20
88.7018  50
88.7218  40
88.74181 50
88.7618  60
88.7818  10
88.8018  30
88.82181 30
88.8418  20
88.8618  20
88.88181 10
88.90181 20
88.92181 50
88.9418  30
88.96181 10
88.98181 40
89.00181 20
89.0218  50
89.04181 20
89.06181 30
89.08181 30
89.10181 20
89.12181 30
89.14182 30
89.16181 10
89.18181 30
89.20181 30
89.22182 20
89.24181 10
89.26181 20
89.28181 40
89.30182 30
89.32182 20
89.34181 20
89.36182 10
89.38182 30
89.40182 20
89.42181 20
89.44182 60
89.46182 10
89.48182 10
89.50182 30
89.52182 30
89.54182 20
89.56182 30
89.58182 50
89.60182 20
89.62183 40
89.64182 50
89.66182 0
89.68182 10
89.70183 30
89.72182 60
89.74182 40
89.76183 50
89.78183 30
89.80183 50
89.82182 40
89.84183 30
89.86183 10
89.88183 20
89.90182 40
89.92183 10
89.94183 10
89.96183 10
89.98183 30
90.00183 0
90.02184 20
90.04183 20
90.06183 30
90.08183 0
90.10184 10
90.12183 20
90.14183 40
90.16183 10
90.18184 60
90.20184 50
90.22183 40
90.24184 40
90.26184 40
90.28184 10
90.30183 10
90.32184 30
90.34184 30
90.36184 10
90.38184 30
90.40184 0
90.42184 50
90.44184 20
90.46184 0
90.48184 30
90.50185 0
90.52184 10
90.54184 50
90.56184 20
90.58185 30
90.60184 30
90.62184 40
90.64185 0
90.66185 0
90.68185 20
90.70184 30
90.72185 0
90.74185 30
90.76185 10
90.78185 10
90.80185 40
90.82185 40
90.84185 40
90.86185 20
90.88185 30
90.90186 10
90.92185 30
90.94185 20
90.96185 20
90.98186 30
91.00185 20
91.02185 10
91.04185 20
91.06186 20
91.08186 40
91.10185 20
91.12186 40
91.14186 50
91.16186 30
91.18185 30
91.20186 10
91.22186 30
91.24186 50
91.26186 30
91.28186 30
91.30186 30
91.32186 40
91.34186 20
91.36186 10
91.38187 30
91.40186 20
91.42186 40
91.44186 50
91.46187 20
91.48186 40
91.50186 40
91.52187 50
91.54187 10
91.56187 10
91.58186 20
91.60187 40
91.62187 0
91.64187 30
91.66187 30
91.68187 20
91.70187 30
91.72187 0
91.74187 40
91.76187 20
91.78188 0
91.80187 10
91.82187 30
91.84187 30
91.86188 0
91.88187 0
91.90187 20
91.92188 20
91.94188 10
91.96188 20
91.98187 10
92.00188 50
92.02188 40
92.04188 20
92.06187 30
92.08188 20
92.10188 10
92.12188 10
92.14188 10
92.16188 50
92.18188 20
92.20188 0
92.22188 20
92.24188 10
92.26189 30
92.28188 30
92.30188 30
92.32188 40
92.34189 30
92.36189 10
92.38188 10
92.40189 20
92.42189 0
92.44189 10
92.46188 20
92.48189 20
92.50189 30
92.52189 10
92.54189 10
92.56189 20
92.58189 20
92.60189 10
92.62189 10
92.64189 40
92.6619  40
92.68189 10
92.70189 30
92.72189 20
92.7419  30
92.76189 20
92.78189 10
92.8019  70
92.8219  20
92.8419  10
92.86189 20
92.8819  10
92.9019  20
92.9219  0
92.94189 40
92.9619  10
92.9819  10
93.0019  40
93.0219  30
93.0419  30
93.0619  0
93.0819  60
93.1019  40
93.1219  30
93.14191 10
93.1619  10
93.1819  20
93.2019  10
93.22191 50
93.24191 10
93.2619  20
93.28191 10
93.30191 30
93.32191 40
93.3419  30
93.36191 0
93.38191 0
93.40191 10
93.42191 40
93.44191 40
93.46191 30
93.48191 50
93.50191 0
93.52191 30
93.54192 0
93.56191 20
93.58191 30
93.60191 30
93.62192 10
93.64191 30
93.66191 40
93.68192 30
93.70192 50
93.72192 20
93.74191 20
93.76192 10
93.78192 10
93.80192 30
93.82191 10
93.84192 20
93.86192 20
93.88192 20
93.90192 20
93.92192 20
93.94193 0
93.96192 20
93.98192 10
94.00192 10
94.02193 20
94.04192 0
94.06192 10
94.08192 40
94.10193 20
94.12193 40
94.14192 40
94.16193 40
94.18193 30
94.20193 20
94.22192 50
94.24193 40
94.26193 60
94.28193 10
94.30193 20
94.32193 40
94.34193 20
94.36193 40
94.38193 10
94.40193 40
94.42194 40
94.44193 50
94.46193 30
94.48193 30
94.50194 20
94.52193 40
94.54193 50
94.56194 40
94.58194 10
94.60194 30
94.62193 50
94.64194 40
94.66194 50
94.68194 40
94.70193 20
94.72194 50
94.74194 50
94.76194 10
94.78194 30
94.80194 20
94.82195 30
94.84194 50
94.86194 10
94.88194 40
94.90195 20
94.92194 40
94.94194 40
94.96194 50
94.98195 20
95.00195 40
95.02194 10
95.04195 20
95.06195 30
95.08195 30
95.10194 30
95.12195 20
95.14195 20
95.16195 30
95.18195 80
95.20195 20
95.22195 40
95.24195 30
95.26195 50
95.28195 40
95.30196 30
95.32195 50
95.34195 20
95.36195 20
95.38196 40
95.40195 70
95.42195 50
95.44196 10
95.46196 30
95.48196 50
95.50195 80
95.52196 40
95.54196 40
95.56196 10
95.58195 100
95.60196 70
95.62196 120
95.64196 130
95.66196 300
95.68196 350
95.70197 440
95.72196 340
95.74196 350
95.76196 170
95.78197 160
95.80196 110
95.82196 80
95.84196 70
95.86197 40
95.88197 80
95.90196 50
95.92197 100
95.94197 100
95.96197 80
95.98196 110
96.00197 220
96.02197 320
96.04197 190
96.06197 140
96.08197 150
96.10197 80
96.12197 120
96.14197 80
96.16197 10
96.18198 40
96.20197 50
96.22197 20
96.24197 10
96.26198 20
96.28197 10
96.30197 20
96.32198 20
96.34198 70
96.36198 30
96.38197 10
96.40198 30
96.42198 50
96.44198 10
96.46198 10
96.48198 20
96.50198 50
96.52198 70
96.54198 10
96.56198 30
96.58199 20
96.60198 50
96.62198 20
96.64198 20
96.66199 20
96.68198 30
96.70198 30
96.72198 30
96.74199 30
96.76199 10
96.78198 40
96.80199 20
96.82199 40
96.84199 30
96.86198 10
96.88199 30
96.90199 20
96.92199 0
96.94199 20
96.96199 80
96.98199 10
97.00199 50
97.02199 20
97.04199 50
97.062   60
97.08199 0
97.10199 20
97.12199 30
97.142   20
97.16199 30
97.18199 50
97.202   10
97.222   20
97.242   10
97.26199 50
97.282   10
97.302   40
97.322   50
97.342   40
97.362   30
97.382   0
97.402   40
97.422   30
97.442   40
97.46201 10
97.482   60
97.502   60
97.522   10
97.54201 50
97.562   10
97.582   20
97.60201 10
97.62201 10
97.64201 10
97.662   20
97.68201 10
97.70201 40
97.72201 40
97.742   10
97.76201 20
97.78201 40
97.80201 50
97.82201 50
97.84201 50
97.86201 20
97.88201 30
97.90201 50
97.92201 80
97.94202 60
97.96201 50
97.98201 10
98.00201 30
98.02202 30
98.04202 20
98.06201 30
98.08202 0
98.10202 30
98.12202 20
98.14201 10
98.16202 60
98.18202 20
98.20202 40
98.22202 30
98.24202 0
98.26202 20
98.28202 20
98.30202 50
98.32202 60
98.34203 50
98.36202 40
98.38202 20
98.40202 20
98.42203 20
98.44202 60
98.46202 30
98.48203 30
98.50203 10
98.52203 30
98.54202 10
98.56203 50
98.58203 40
98.60203 50
98.62202 20
98.64203 40
98.66203 50
98.68203 20
98.70203 80
98.72203 30
98.74203 20
98.76203 30
98.78203 10
98.80203 10
98.82204 20
98.84203 10
98.86203 30
98.88203 60
98.90204 20
98.92204 20
98.94203 50
98.96204 20
98.98204 20
99.00204 30
99.02203 80
99.04204 80
99.06204 60
99.08204 30
99.10204 20
99.12204 40
99.14204 80
99.16204 20
99.18204 50
99.20204 60
99.22205 40
99.24204 40
99.26204 60
99.28204 70
99.30205 60
99.32204 60
99.34204 100
99.36205 50
99.38205 90
99.40205 150
99.42204 140
99.44205 150
99.46205 110
99.48205 150
99.50204 220
99.52205 170
99.54205 170
99.56205 280
99.58205 310
99.60205 580
99.62206 960
99.64205 1490
99.66205 2320
99.68205 1980
99.70206 1950
99.72205 1570
99.74205 960
99.76205 660
99.78206 570
99.80206 320
99.82205 410
99.84206 320
99.86206 200
99.88206 240
99.90205 470
99.92206 270
99.94206 440
99.96206 570
99.98206 730
100.0021 810
100.0221 770
100.0421 700
100.0621 620
100.0821 370
100.1021 260
100.1221 190
100.1421 140
100.1621 150
100.1821 170
100.2021 110
100.2221 90
100.2421 90
100.2621 90
100.2821 60
100.3021 30
100.3221 70
100.3421 90
100.3621 70
100.3821 40
100.4021 60
100.4221 20
100.4421 40
100.4621 50
100.4821 40
100.5021 80
100.5221 40
100.5421 10
100.5621 20
100.5821 30
100.6021 30
100.6221 40
100.6421 20
100.6621 10
100.6821 40
100.7021 20
100.7221 10
100.7421 30
100.7621 20
100.7821 40
100.8021 70
100.8221 50
100.8421 60
100.8621 30
100.8821 40
100.9021 10
100.9221 50
100.9421 10
100.9621 40
100.9821 30
101.0021 50
101.0221 0
101.0421 50
101.0621 30
101.0821 50
101.1021 40
101.1221 0
101.1421 20
101.1621 10
101.1821 50
101.2021 60
101.2221 50
101.2421 70
101.2621 20
101.2821 50
101.3021 60
101.3221 30
101.3421 40
101.3621 30
101.3821 10
101.4021 60
101.4221 50
101.4421 0
101.4621 20
101.4821 30
101.5021 50
101.5221 30
101.5421 60
101.5621 10
101.5821 40
101.6021 20
101.6221 40
101.6421 20
101.6621 10
101.6821 70
101.7021 10
101.7221 30
101.7421 40
101.7621 10
101.7821 40
101.8021 50
101.8221 10
101.8421 10
101.8621 30
101.8821 40
101.9021 40
101.9221 60
101.9421 30
101.9621 30
101.9821 0
102.0021 40
102.0221 40
102.0421 40
102.0621 40
102.0821 20
102.1021 30
102.1221 30
102.1421 50
102.1621 10
102.1821 20
102.2021 30
102.2221 20
102.2421 60
102.2621 20
102.2821 60
102.3021 20
102.3221 30
102.3421 40
102.3621 0
102.3821 20
102.4021 20
102.4221 30
102.4421 40
102.4621 30
102.4821 40
102.5021 60
102.5221 40
102.5421 20
102.5621 20
102.5821 40
102.6021 20
102.6221 30
102.6421 20
102.6621 40
102.6821 50
102.7021 50
102.7221 20
102.7421 70
102.7621 30
102.7821 70
102.8021 50
102.8221 30
102.8421 50
102.8621 50
102.8821 50
102.9021 40
102.9221 40
102.9421 80
102.9621 40
102.9821 30
103.0021 30
103.0221 40
103.0421 40
103.0621 30
103.0821 80
103.1021 20
103.1221 30
103.1421 20
103.1621 30
103.1821 50
103.2021 70
103.2221 50
103.2421 30
103.2621 40
103.2821 60
103.3021 40
103.3221 80
103.3421 20
103.3621 90
103.3821 80
103.4021 80
103.4221 90
103.4421 120
103.4621 90
103.4821 130
103.5021 250
103.5221 110
103.5421 180
103.5621 240
103.5821 280
103.6021 400
103.6221 500
103.6421 740
103.6621 940
103.6821 1510
103.7021 1510
103.7221 1290
103.7421 1020
103.7621 800
103.7822 420
103.8021 350
103.8221 320
103.8421 230
103.8622 170
103.8821 180
103.9021 170
103.9221 180
103.9422 160
103.9622 190
103.9821 390
104.0022 420
104.0222 480
104.0422 590
104.0621 570
104.0822 650
104.1022 370
104.1222 430
104.1422 320
104.1622 190
104.1822 190
104.2022 110
104.2222 70
104.2422 90
104.2622 100
104.2822 110
104.3022 140
104.3222 70
104.3422 100
104.3622 110
104.3822 20
104.4022 70
104.4222 60
104.4422 30
104.4622 0
104.4822 30
104.5022 40
104.5222 20
104.5422 30
104.5622 20
104.5822 30
104.6022 20
104.6222 70
104.6422 40
104.6622 60
104.6822 50
104.7022 30
104.7222 40
104.7422 20
104.7622 20
104.7822 20
104.8022 20
104.8222 50
104.8422 20
104.8622 60
104.8822 10
104.9022 30
104.9222 40
104.9422 40
104.9622 30
104.9822 20
105.0022 50
105.0222 30
105.0422 30
105.0622 30
105.0822 0
105.1022 30
105.1222 20
105.1422 40
105.1622 20
105.1822 30
105.2022 40
105.2222 40
105.2422 60
105.2622 20
105.2822 40
105.3022 10
105.3222 70
105.3422 20
105.3622 30
105.3822 30
105.4022 40
105.4222 20
105.4422 20
105.4622 30
105.4822 30
105.5022 90
105.5222 30
105.5422 30
105.5622 30
105.5822 10
105.6022 20
105.6222 40
105.6422 70
105.6622 10
105.6822 10
105.7022 0
105.7222 50
105.7422 30
105.7622 0
105.7822 0
105.8022 10
105.8222 10
105.8422 20
105.8622 30
105.8822 40
105.9022 80
105.9222 40
105.9422 40
105.9622 30
105.9822 10
106.0022 0
106.0222 30
106.0422 20
106.0622 50
106.0822 60
106.1022 40
106.1222 20
106.1422 70
106.1622 40
106.1822 50
106.2022 30
106.2222 40
106.2422 30
106.2622 10
106.2822 40
106.3022 30
106.3222 30
106.3422 20
106.3622 10
106.3822 60
106.4022 10
106.4222 20
106.4422 40
106.4622 20
106.4822 30
106.5022 20
106.5222 10
106.5422 30
106.5622 40
106.5822 20
106.6022 50
106.6222 50
106.6422 20
106.6622 50
106.6822 50
106.7022 10
106.7222 20
106.7422 0
106.7622 30
106.7822 10
106.8022 40
106.8222 20
106.8422 10
106.8622 40
106.8822 20
106.9022 30
106.9222 40
106.9422 20
106.9622 20
106.9822 40
107.0022 30
107.0222 30
107.0422 30
107.0622 20
107.0822 20
107.1022 40
107.1222 40
107.1422 30
107.1622 40
107.1822 30
107.2022 30
107.2222 30
107.2422 30
107.2622 50
107.2822 70
107.3022 40
107.3222 50
107.3422 40
107.3622 50
107.3822 40
107.4022 30
107.4222 80
107.4422 70
107.4622 30
107.4822 70
107.5022 60
107.5222 70
107.5422 40
107.5622 130
107.5822 80
107.6022 50
107.6222 130
107.6422 110
107.6622 70
107.6822 160
107.7022 160
107.7222 300
107.7422 450
107.7622 570
107.7822 630
107.8022 600
107.8222 460
107.8422 350
107.8622 290
107.8822 150
107.9022 170
107.9222 70
107.9422 60
107.9622 90
107.9822 120
108.0022 90
108.0222 90
108.0422 40
108.0622 110
108.0822 220
108.1022 210
108.1222 190
108.1422 210
108.1622 200
108.1823 280
108.2022 220
108.2222 270
108.2422 130
108.2623 170
108.2822 100
108.3022 120
108.3223 30
108.3423 100
108.3623 20
108.3822 40
108.4023 50
108.4223 80
108.4423 30
108.4622 30
108.4823 30
108.5023 90
108.5223 140
108.5423 40
108.5623 10
108.5823 20
108.6023 30
108.6223 20
108.6423 20
108.6623 50
108.6823 20
108.7023 50
108.7223 80
108.7423 30
108.7623 60
108.7823 50
108.8023 10
108.8223 40
108.8423 30
108.8623 50
108.8823 20
108.9023 10
108.9223 40
108.9423 40
108.9623 30
108.9823 60
109.0023 40
109.0223 20
109.0423 10
109.0623 30
109.0823 50
109.1023 30
109.1223 30
109.1423 90
109.1623 20
109.1823 40
109.2023 20
109.2223 30
109.2423 30
109.2623 30
109.2823 40
109.3023 30
109.3223 40
109.3423 40
109.3623 50
109.3823 20
109.4023 40
109.4223 20
109.4423 40
109.4623 10
109.4823 30
109.5023 30
109.5223 10
109.5423 30
109.5623 10
109.5823 10
109.6023 40
109.6223 10
109.6423 0
109.6623 40
109.6823 30
109.7023 30
109.7223 10
109.7423 0
109.7623 30
109.7823 10
109.8023 40
109.8223 40
109.8423 40
109.8623 80
109.8823 30
109.9023 10
109.9223 50
109.9423 10
109.9623 10
109.9823 40
110.0023 40
110.0223 40
110.0423 40
110.0623 20
110.0823 10
110.1023 40
110.1223 30
110.1423 40
110.1623 50
110.1823 30
110.2023 70
110.2223 20
110.2423 20
110.2623 30
110.2823 10
110.3023 40
110.3223 60
110.3423 10
110.3623 30
110.3823 30
110.4023 30
110.4223 50
110.4423 40
110.4623 30
110.4823 30
110.5023 30
110.5223 30
110.5423 20
110.5623 20
110.5823 10
110.6023 30
110.6223 10
110.6423 40
110.6623 30
110.6823 50
110.7023 20
110.7223 20
110.7423 40
110.7623 30
110.7823 20
110.8023 20
110.8223 10
110.8423 50
110.8623 10
110.8823 0
110.9023 30
110.9223 30
110.9423 0
110.9623 20
110.9823 30
111.0023 10
111.0223 40
111.0423 40
111.0623 10
111.0823 20
111.1023 20
111.1223 30
111.1423 40
111.1623 40
111.1823 30
111.2023 20
111.2223 50
111.2423 20
111.2623 80
111.2823 30
111.3023 10
111.3223 50
111.3423 30
111.3623 20
111.3823 10
111.4023 30
111.4223 40
111.4423 70
111.4623 50
111.4823 60
111.5023 60
111.5223 20
111.5423 20
111.5623 10
111.5823 10
111.6023 60
111.6223 30
111.6423 50
111.6623 50
111.6823 60
111.7023 90
111.7223 70
111.7423 120
111.7623 80
111.7823 140
111.8023 100
111.8223 170
111.8423 130
111.8623 350
111.8823 330
111.9023 440
111.9223 630
111.9423 740
111.9623 760
111.9823 1030
112.0023 650
112.0223 440
112.0423 310
112.0623 280
112.0823 250
112.1023 110
112.1223 90
112.1423 200
112.1623 140
112.1823 120
112.2023 130
112.2223 90
112.2423 110
112.2623 120
112.2823 150
112.3023 130
112.3223 160
112.3423 270
112.3623 340
112.3823 470
112.4023 320
112.4223 470
112.4423 250
112.4623 230
112.4823 140
112.5023 130
112.5223 150
112.5423 100
112.5623 110
112.5824 70
112.6023 40
112.6223 50
112.6423 50
112.6624 40
112.6824 60
112.7023 20
112.7224 60
112.7424 20
112.7624 30
112.7823 30
112.8024 40
112.8224 20
112.8424 10
112.8624 40
112.8824 10
112.9024 30
112.9224 40
112.9424 60
112.9624 30
112.9824 60
113.0024 40
113.0224 40
113.0424 10
113.0624 0
113.0824 70
113.1024 20
113.1224 20
113.1424 30
113.1624 20
113.1824 50
113.2024 10
113.2224 80
113.2424 80
113.2624 10
113.2824 50
113.3024 70
113.3224 50
113.3424 80
113.3624 0
113.3824 10
113.4024 30
113.4224 20
113.4424 0
113.4624 40
113.4824 30
113.5024 30
113.5224 10
113.5424 50
113.5624 30
113.5824 30
113.6024 10
113.6224 40
113.6424 60
113.6624 10
113.6824 10
113.7024 30
113.7224 10
113.7424 60
113.7624 40
113.7824 10
113.8024 60
113.8224 30
113.8424 50
113.8624 50
113.8824 20
113.9024 50
113.9224 20
113.9424 20
113.9624 20
113.9824 20
114.0024 30
114.0224 0
114.0424 50
114.0624 10
114.0824 30
114.1024 30
114.1224 20
114.1424 0
114.1624 60
114.1824 20
114.2024 50
114.2224 20
114.2424 20
114.2624 10
114.2824 40
114.3024 20
114.3224 30
114.3424 30
114.3624 10
114.3824 40
114.4024 30
114.4224 30
114.4424 20
114.4624 10
114.4824 10
114.5024 30
114.5224 60
114.5424 60
114.5624 40
114.5824 20
114.6024 40
114.6224 40
114.6424 40
114.6624 30
114.6824 50
114.7024 40
114.7224 10
114.7424 40
114.7624 50
114.7824 40
114.8024 30
114.8224 40
114.8424 10
114.8624 60
114.8824 20
114.9024 40
114.9224 70
114.9424 20
114.9624 30
114.9824 10
115.0024 50
115.0224 10
115.0424 60
115.0624 20
115.0824 40
115.1024 60
115.1224 30
115.1424 50
115.1624 40
115.1824 10
115.2024 40
115.2224 40
115.2424 20
115.2624 50
115.2824 40
115.3024 0
115.3224 30
115.3424 40
115.3624 50
115.3824 20
115.4024 30
115.4224 30
115.4424 70
115.4624 30
115.4824 30
115.5024 100
115.5224 70
115.5424 90
115.5624 40
115.5824 30
115.6024 30
115.6224 30
115.6424 70
115.6624 50
115.6824 60
115.7024 20
115.7224 20
115.7424 100
115.7624 50
115.7824 60
115.8024 50
115.8224 80
115.8424 90
115.8624 70
115.8824 100
115.9024 120
115.9224 150
115.9424 90
115.9624 100
115.9824 170
116.0024 190
116.0224 170
116.0424 110
116.0624 220
116.0824 260
116.1024 170
116.1224 330
116.1424 280
116.1624 490
116.1824 660
116.2024 930
116.2224 1000
116.2424 1430
116.2624 1830
116.2824 1560
116.3024 1600
116.3224 1190
116.3424 890
116.3624 720
116.3824 360
116.4024 370
116.4224 360
116.4424 310
116.4624 270
116.4824 260
116.5024 250
116.5224 190
116.5424 170
116.5624 140
116.5824 300
116.6024 220
116.6224 250
116.6424 340
116.6624 440
116.6824 560
116.7024 590
116.7224 840
116.7424 920
116.7624 800
116.7824 650
116.8024 540
116.8224 420
116.8424 260
116.8624 220
116.8824 230
116.9025 180
116.9224 130
116.9424 130
116.9624 180
116.9825 130
117.0024 130
117.0224 140
117.0424 50
117.0625 80
117.0825 60
117.1024 70
117.1225 70
117.1425 80
117.1625 30
117.1824 120
117.2025 80
117.2225 60
117.2425 30
117.2625 40
117.2825 40
117.3025 50
117.3225 40
117.3425 40
117.3625 50
117.3825 40
117.4025 40
117.4225 80
117.4425 40
117.4625 20
117.4825 50
117.5025 20
117.5225 20
117.5425 30
117.5625 20
117.5825 30
117.6025 70
117.6225 60
117.6425 40
117.6625 60
117.6825 0
117.7025 50
117.7225 70
117.7425 70
117.7625 20
117.7825 50
117.8025 20
117.8225 50
117.8425 10
117.8625 20
117.8825 30
117.9025 30
117.9225 10
117.9425 50
117.9625 30
117.9825 0
118.0025 10
118.0225 40
118.0425 30
118.0625 50
118.0825 30
118.1025 40
118.1225 60
118.1425 20
118.1625 30
118.1825 20
118.2025 50
118.2225 70
118.2425 40
118.2625 40
118.2825 60
118.3025 50
118.3225 50
118.3425 20
118.3625 20
118.3825 40
118.4025 20
118.4225 30
118.4425 50
118.4625 30
118.4825 70
118.5025 40
118.5225 50
118.5425 80
118.5625 20
118.5825 40
118.6025 30
118.6225 50
118.6425 10
118.6625 60
118.6825 10
118.7025 40
118.7225 50
118.7425 30
118.7625 20
118.7825 10
118.8025 40
118.8225 80
118.8425 40
118.8625 20
118.8825 60
118.9025 30
118.9225 50
118.9425 70
118.9625 50
118.9825 60
119.0025 30
119.0225 50
119.0425 30
119.0625 20
119.0825 30
119.1025 20
119.1225 20
119.1425 10
119.1625 60
119.1825 50
119.2025 70
119.2225 20
119.2425 50
119.2625 40
119.2825 40
119.3025 50
119.3225 20
119.3425 20
119.3625 50
119.3825 30
119.4025 10
119.4225 20
119.4425 0
119.4625 70
119.4825 40
119.5025 10
119.5225 20
119.5425 50
119.5625 20
119.5825 40
119.6025 20
119.6225 20
119.6425 20
119.6625 40
119.6825 60
119.7025 40
119.7225 30
119.7425 40
119.7625 60
119.7825 80
119.8025 10
119.8225 30
119.8425 30
119.8625 50
119.8825 60
119.9025 30
119.9225 40
119.9425 80
119.9625 60
119.9825 30
120.0025 50
120.0225 40
120.0425 50
120.0625 80
120.0825 60
120.1025 20
120.1225 50
120.1425 30
120.1625 40
120.1825 20
120.2025 70
120.2225 50
120.2425 70
120.2625 70
120.2825 50
120.3025 20
120.3225 40
120.3425 50
120.3625 50
120.3825 60
120.4025 60
120.4225 40
120.4425 90
120.4625 100
120.4825 90
120.5025 100
120.5225 100
120.5425 150
120.5625 250
120.5825 160
120.6025 180
120.6225 260
120.6425 180
120.6625 340
120.6825 430
120.7025 670
120.7225 840
120.7425 750
120.7625 950
120.7825 770
120.8025 680
120.8225 560
120.8425 470
120.8625 310
120.8825 230
120.9025 270
120.9225 190
120.9425 140
120.9625 190
120.9825 80
121.0025 80
121.0225 140
121.0425 100
121.0625 100
121.0825 100
121.1025 170
121.1225 90
121.1425 160
121.1625 200
121.1825 250
121.2025 310
121.2225 390
121.2425 490
121.2625 430
121.2825 310
121.3026 290
121.3225 320
121.3425 200
121.3625 140
121.3826 170
121.4025 100
121.4225 150
121.4426 90
121.4626 40
121.4826 80
121.5025 60
121.5226 100
121.5426 70
121.5626 60
121.5826 90
121.6026 50
121.6226 80
121.6426 30
121.6626 40
121.6826 40
121.7026 60
121.7226 60
121.7426 70
121.7626 40
121.7826 0
121.8026 40
121.8226 30
121.8426 50
121.8626 50
121.8826 30
121.9026 20
121.9226 50
121.9426 40
121.9626 60
121.9826 30
122.0026 40
122.0226 30
122.0426 60
122.0626 70
122.0826 40
122.1026 30
122.1226 60
122.1426 30
122.1626 20
122.1826 10
122.2026 30
122.2226 30
122.2426 10
122.2626 0
122.2826 60
122.3026 10
122.3226 50
122.3426 20
122.3626 10
122.3826 20
122.4026 60
122.4226 10
122.4426 50
122.4626 30
122.4826 50
122.5026 50
122.5226 0
122.5426 50
122.5626 40
122.5826 40
122.6026 40
122.6226 20
122.6426 10
122.6626 50
122.6826 40
122.7026 20
122.7226 30
122.7426 30
122.7626 30
122.7826 30
122.8026 40
122.8226 20
122.8426 40
122.8626 30
122.8826 30
122.9026 0
122.9226 30
122.9426 40
122.9626 40
122.9826 20
123.0026 40
123.0226 40
123.0426 30
123.0626 30
123.0826 30
123.1026 10
123.1226 30
123.1426 20
123.1626 40
123.1826 30
123.2026 0
123.2226 50
123.2426 30
123.2626 30
123.2826 10
123.3026 30
123.3226 60
123.3426 40
123.3626 50
123.3826 30
123.4026 40
123.4226 10
123.4426 50
123.4626 20
123.4826 10
123.5026 40
123.5226 10
123.5426 30
123.5626 0
123.5826 20
123.6026 20
123.6226 20
123.6426 30
123.6626 10
123.6826 60
123.7026 10
123.7226 80
123.7426 30
123.7626 40
123.7826 40
123.8026 10
123.8226 0
123.8426 30
123.8626 60
123.8826 0
123.9026 0
123.9226 10
123.9426 30
123.9626 40
123.9826 50
124.0026 10
124.0226 40
124.0426 40
124.0626 0
124.0826 50
124.1026 20
124.1226 10
124.1426 30
124.1626 30
124.1826 60
124.2026 50
124.2226 0
124.2426 20
124.2626 10
124.2826 40
124.3026 30
124.3226 20
124.3426 40
124.3626 70
124.3826 50
124.4026 0
124.4226 40
124.4426 70
124.4626 40
124.4826 60
124.5026 10
124.5226 0
124.5426 20
124.5626 10
124.5826 20
124.6026 30
124.6226 30
124.6426 10
124.6626 10
124.6826 20
124.7026 10
124.7226 30
124.7426 60
124.7626 50
124.7826 30
124.8026 10
124.8226 10
124.8426 60
124.8626 30
124.8826 10
124.9026 10
124.9226 30
124.9426 20
124.9626 30
124.9826 100
125.0026 40
125.0226 30
125.0426 20
125.0626 10
125.0826 30
125.1026 50
125.1226 50
125.1426 50
125.1626 10
125.1826 40
125.2026 50
125.2226 30
125.2426 40
125.2626 10
125.2826 20
125.3026 10
125.3226 10
125.3426 60
125.3626 10
125.3826 20
125.4026 30
125.4226 30
125.4426 30
125.4626 40
125.4826 10
125.5026 20
125.5226 40
125.5426 30
125.5626 30
125.5826 40
125.6026 10
125.6227 30
125.6426 40
125.6626 10
125.6826 30
125.7027 30
125.7226 50
125.7426 50
125.7626 40
125.7827 10
125.8027 10
125.8226 60
125.8427 10
125.8627 50
125.8827 30
125.9026 40
125.9227 40
125.9427 30
125.9627 10
125.9827 70
126.0027 40
126.0227 0
126.0427 30
126.0627 30
126.0827 30
126.1027 10
126.1227 40
126.1427 20
126.1627 40
126.1827 40
126.2027 10
126.2227 30
126.2427 60
126.2627 30
126.2827 20
126.3027 70
126.3227 30
126.3427 40
126.3627 10
126.3827 20
126.4027 30
126.4227 20
126.4427 60
126.4627 30
126.4827 50
126.5027 60
126.5227 0
126.5427 20
126.5627 40
126.5827 20
126.6027 60
126.6227 60
126.6427 60
126.6627 0
126.6827 60
126.7027 50
126.7227 40
126.7427 10
126.7627 10
126.7827 20
126.8027 30
126.8227 60
126.8427 40
126.8627 40
126.8827 30
126.9027 70
126.9227 20
126.9427 40
126.9627 20
126.9827 10
127.0027 20
127.0227 20
127.0427 20
127.0627 10
127.0827 30
127.1027 30
127.1227 10
127.1427 40
127.1627 40
127.1827 40
127.2027 10
127.2227 20
127.2427 30
127.2627 30
127.2827 30
127.3027 40
127.3227 20
127.3427 20
127.3627 30
127.3827 20
127.4027 30
127.4227 30
127.4427 40
127.4627 30
127.4827 80
127.5027 40
127.5227 30
127.5427 40
127.5627 40
127.5827 40
127.6027 10
127.6227 20
127.6427 40
127.6627 30
127.6827 40
127.7027 40
127.7227 40
127.7427 10
127.7627 70
127.7827 60
127.8027 70
127.8227 30
127.8427 30
127.8627 40
127.8827 20
127.9027 10
127.9227 40
127.9427 0
127.9627 30
127.9827 70
128.0027 20
128.0227 20
128.0427 40
128.0627 40
128.0827 30
128.1027 60
128.1227 50
128.1427 40
128.1627 20
128.1827 30
128.2027 30
128.2227 20
128.2427 50
128.2627 20
128.2827 10
128.3027 40
128.3227 20
128.3427 50
128.3627 20
128.3827 50
128.4027 50
128.4227 10
128.4427 50
128.4627 10
128.4827 60
128.5027 10
128.5227 10
128.5427 10
128.5627 60
128.5827 0
128.6027 20
128.6227 20
128.6427 40
128.6627 30
128.6827 20
128.7027 40
128.7227 30
128.7427 30
128.7627 40
128.7827 20
128.8027 30
128.8227 50
128.8427 20
128.8627 30
128.8827 40
128.9027 20
128.9227 20
128.9427 30
128.9627 50
128.9827 20
129.0027 50
129.0227 30
129.0427 30
129.0627 20
129.0827 40
129.1027 50
129.1227 40
129.1427 50
129.1627 40
129.1827 40
129.2027 10
129.2227 30
129.2427 50
129.2627 20
129.2827 0
129.3027 30
129.3227 40
129.3427 30
129.3627 30
129.3827 60
129.4027 50
129.4227 50
129.4427 80
129.4627 60
129.4827 40
129.5027 80
129.5227 30
129.5427 20
129.5627 40
129.5827 70
129.6027 60
129.6227 40
129.6427 20
129.6627 70
129.6827 10
129.7027 30
129.7227 100
129.7427 50
129.7627 40
129.7827 30
129.8027 40
129.8227 70
129.8427 30
129.8627 50
129.8828 40
129.9027 50
129.9227 50
129.9427 40
129.9627 70
129.9827 60
130.0027 70
130.0228 40
130.0428 100
130.0627 50
130.0827 70
130.1028 50
130.1227 60
130.1427 40
130.1628 90
130.1828 120
130.2028 160
130.2227 110
130.2428 80
130.2628 90
130.2827 110
130.3027 210
130.3228 220
130.3428 220
130.3628 290
130.3828 300
130.4028 420
130.4228 500
130.4427 610
130.4628 540
130.4828 370
130.5028 410
130.5228 260
130.5428 290
130.5628 210
130.5828 200
130.6028 130
130.6228 130
130.6428 110
130.6628 170
130.6828 110
130.7028 60
130.7228 90
130.7428 80
130.7628 90
130.7828 160
130.8028 40
130.8228 70
130.8428 30
130.8628 110
130.8828 120
130.9028 110
130.9228 80
130.9428 50
130.9628 130
130.9828 280
131.0028 230
131.0228 220
131.0428 210
131.0628 300
131.0828 210
131.1028 150
131.1228 140
131.1428 130
131.1628 150
131.1828 120
131.2028 80
131.2228 50
131.2428 30
131.2628 140
131.2828 30
131.3028 30
131.3228 90
131.3428 30
131.3628 20
131.3828 40
131.4028 50
131.4228 20
131.4428 50
131.4628 30
131.4828 20
131.5028 80
131.5228 60
131.5428 60
131.5628 40
131.5828 30
131.6028 60
131.6228 40
131.6428 90
131.6628 80
131.6828 10
131.7028 40
131.7228 50
131.7428 40
131.7628 20
131.7828 10
131.8028 70
131.8228 30
131.8428 50
131.8628 10
131.8828 30
131.9028 70
131.9228 30
131.9428 20
131.9628 30
131.9828 40
132.0028 30
132.0228 80
132.0428 0
132.0628 60
132.0828 40
132.1028 0
132.1228 50
132.1428 60
132.1628 60
132.1828 30
132.2028 30
132.2228 30
132.2428 10
132.2628 40
132.2828 30
132.3028 40
132.3228 40
132.3428 10
132.3628 0
132.3828 70
132.4028 20
132.4228 50
132.4428 50
132.4628 30
132.4828 50
132.5028 80
132.5228 60
132.5428 70
132.5628 20
132.5828 50
132.6028 50
132.6228 50
132.6428 30
132.6628 20
132.6828 40
132.7028 40
132.7228 40
132.7428 60
132.7628 60
132.7828 60
132.8028 100
132.8228 40
132.8428 40
132.8628 80
132.8828 50
132.9028 30
132.9228 10
132.9428 10
132.9628 30
132.9828 50
133.0028 10
133.0228 20
133.0428 40
133.0628 70
133.0828 20
133.1028 20
133.1228 20
133.1428 50
133.1628 30
133.1828 60
133.2028 60
133.2228 0
133.2428 30
133.2628 10
133.2828 60
133.3028 40
133.3228 60
133.3428 50
133.3628 40
133.3828 40
133.4028 20
133.4228 40
133.4428 50
133.4628 30
133.4828 40
133.5028 40
133.5228 60
133.5428 40
133.5628 30
133.5828 10
133.6028 40
133.6228 20
133.6428 50
133.6628 30
133.6828 40
133.7028 90
133.7228 20
133.7428 10
133.7628 20
133.7828 60
133.8028 30
133.8228 20
133.8428 20
133.8628 50
133.8828 60
133.9028 50
133.9228 20
133.9428 10
133.9628 60
133.9828 30
134.0028 40
134.0228 10
134.0428 60
134.0628 30
134.0828 40
134.1028 10
134.1228 30
134.1428 70
134.1628 20
134.1828 20
134.2029 60
134.2228 60
134.2428 50
134.2628 40
134.2828 10
134.3028 10
134.3228 60
134.3428 70
134.3629 60
134.3828 30
134.4028 30
134.4229 40
134.4428 20
134.4628 20
134.4828 50
134.5029 50
134.5229 40
134.5428 50
134.5629 50
134.5829 10
134.6028 60
134.6228 0
134.6429 60
134.6629 40
134.6829 20
134.7029 40
134.7229 40
134.7429 20
134.7628 50
134.7829 30
134.8029 40
134.8229 60
134.8429 20
134.8629 30
134.8829 20
134.9029 20
134.9229 50
134.9429 50
134.9629 40
134.9829 20
135.0029 10
135.0229 40
135.0429 30
135.0629 80
135.0829 40
135.1029 50
135.1229 90
135.1429 10
135.1629 10
135.1829 30
135.2029 40
135.2229 20
135.2429 50
135.2629 40
135.2829 10
135.3029 40
135.3229 90
135.3429 40
135.3629 50
135.3829 70
135.4029 40
135.4229 30
135.4429 50
135.4629 60
135.4829 80
135.5029 100
135.5229 100
135.5429 160
135.5629 120
135.5829 90
135.6029 120
135.6229 120
135.6429 180
135.6629 180
135.6829 210
135.7029 200
135.7229 290
135.7429 350
135.7629 310
135.7829 430
135.8029 590
135.8229 630
135.8429 690
135.8629 310
135.8829 530
135.9029 410
135.9229 200
135.9429 260
135.9629 170
135.9829 200
136.0029 230
136.0229 190
136.0429 70
136.0629 90
136.0829 80
136.1029 70
136.1229 90
136.1429 70
136.1629 60
136.1829 80
136.2029 120
136.2229 50
136.2429 120
136.2629 110
136.2829 60
136.3029 80
136.3229 60
136.3429 80
136.3629 120
136.3829 100
136.4029 110
136.4229 140
136.4429 160
136.4629 110
136.4829 200
136.5029 280
136.5229 210
136.5429 270
136.5629 260
136.5829 240
136.6029 150
136.6229 120
136.6429 200
136.6629 110
136.6829 160
136.7029 80
136.7229 100
136.7429 60
136.7629 80
136.7829 110
136.8029 90
136.8229 90
136.8429 90
136.8629 70
136.8829 60
136.9029 30
136.9229 20
136.9429 60
136.9629 110
136.9829 30
137.0029 70
137.0229 80
137.0429 30
137.0629 40
137.0829 50
137.1029 70
137.1229 60
137.1429 60
137.1629 50
137.1829 60
137.2029 60
137.2229 50
137.2429 40
137.2629 30
137.2829 40
137.3029 40
137.3229 50
137.3429 50
137.3629 30
137.3829 30
137.4029 30
137.4229 10
137.4429 40
137.4629 40
137.4829 30
137.5029 20
137.5229 90
137.5429 20
137.5629 40
137.5829 70
137.6029 60
137.6229 40
137.6429 50
137.6629 30
137.6829 30
137.7029 70
137.7229 0
137.7429 70
137.7629 40
137.7829 20
137.8029 50
137.8229 10
137.8429 40
137.8629 50
137.8829 30
137.9029 40
137.9229 30
137.9429 50
137.9629 20
137.9829 20
138.0029 50
138.0229 10
138.0429 40
138.0629 50
138.0829 50
138.1029 50
138.1229 30
138.1429 50
138.1629 60
138.1829 40
138.2029 40
138.2229 50
138.2429 10
138.2629 50
138.2829 30
138.3029 20
138.3229 30
138.3429 70
138.3629 40
138.3829 70
138.4029 50
138.4229 60
138.4429 50
138.4629 50
138.4829 30
138.5029 30
138.5229 50
138.5429 90
138.5629 10
138.5829 30
138.6029 30
138.6229 70
138.6429 50
138.6629 50
138.683  50
138.7029 30
138.7229 50
138.743  50
138.7629 80
138.7829 30
138.8029 30
138.823  60
138.843  50
138.8629 10
138.8829 20
138.903  70
138.9229 50
138.9429 40
138.963  30
138.983  70
139.003  20
139.0229 70
139.043  20
139.063  30
139.0829 60
139.103  40
139.123  60
139.143  20
139.163  50
139.183  0
139.203  30
139.223  20
139.243  40
139.263  40
139.283  70
139.303  20
139.323  40
139.343  10
139.363  80
139.383  60
139.403  30
139.423  60
139.443  20
139.463  70
139.483  30
139.503  70
139.523  40
139.543  20
139.563  60
139.583  20
139.603  60
139.623  20
139.643  80
139.663  60
139.683  50
139.703  20
139.723  40
139.743  30
139.763  30
139.783  40
139.803  50
139.823  70
139.843  40
139.863  20
139.883  20
139.903  50
139.923  30
139.943  30
139.963  50
139.983  70
140.003  70
140.023  70
140.043  60
140.063  70
140.083  50
140.103  30
140.123  40
140.143  30
140.163  50
140.183  30
140.203  30
140.223  80
140.243  30
140.263  70
140.283  90
140.303  60
140.323  50
140.343  80
140.363  80
140.383  50
140.403  50
140.423  90
140.443  10
140.463  80
140.483  100
140.503  40
140.523  50
140.543  60
140.563  40
140.583  50
140.603  70
140.623  60
140.643  50
140.663  60
140.683  60
140.703  50
140.723  70
140.743  40
140.763  80
140.783  130
140.803  50
140.823  80
140.843  40
140.863  60
140.883  70
140.903  90
140.923  60
140.943  70
140.963  70
140.983  60
141.003  40
141.023  70
141.043  40
141.063  70
141.083  50
141.103  70
141.123  50
141.143  100
141.163  110
141.183  130
141.203  40
141.223  90
141.243  140
141.263  70
141.283  140
141.303  140
141.323  90
141.343  150
141.363  190
141.383  170
141.403  210
141.423  150
141.443  220
141.463  180
141.483  270
141.503  310
141.523  240
141.543  280
141.563  440
141.583  570
141.603  440
141.623  710
141.643  720
141.663  810
141.683  830
141.703  1210
141.723  1400
141.743  1760
141.763  1780
141.783  2090
141.803  2300
141.823  2190
141.843  1890
141.863  1710
141.883  1360
141.903  1240
141.923  980
141.943  830
141.963  680
141.983  720
142.003  490
142.023  490
142.043  570
142.063  480
142.083  330
142.103  300
142.123  230
142.143  310
142.163  200
142.183  200
142.203  240
142.223  210
142.243  190
142.263  230
142.283  180
142.303  190
142.323  280
142.343  160
142.363  230
142.383  190
142.403  360
142.423  310
142.443  360
142.463  340
142.483  320
142.503  520
142.523  470
142.543  510
142.563  850
142.583  820
142.603  1000
142.623  1000
142.643  960
142.663  940
142.683  990
142.703  800
142.723  530
142.743  390
142.763  540
142.783  360
142.803  270
142.823  320
142.843  300
142.863  240
142.883  190
142.903  220
142.923  130
142.943  150
142.963  150
142.983  160
143.0031 50
143.023  170
143.043  60
143.063  100
143.083  120
143.103  120
143.123  70
143.1431 100
143.1631 110
143.183  80
143.203  70
143.2231 60
143.243  70
143.263  90
143.2831 100
143.3031 50
143.3231 90
143.343  80
143.3631 40
143.3831 80
143.403  40
143.423  80
143.4431 60
143.4631 40
143.4831 80
143.5031 80
143.5231 70
143.5431 60
143.563  100
143.5831 60
143.6031 40
143.6231 60
143.6431 70
143.6631 20
143.6831 50
143.7031 20
143.7231 80
143.7431 60
143.7631 70
143.7831 60
143.8031 50
143.8231 60
143.8431 30
143.8631 90
143.8831 50
143.9031 50
143.9231 40
143.9431 20
143.9631 0
143.9831 50
144.0031 40
144.0231 80
144.0431 20
144.0631 50
144.0831 60
144.1031 70
144.1231 70
144.1431 50
144.1631 30
144.1831 40
144.2031 40
144.2231 50
144.2431 30
144.2631 20
144.2831 50
144.3031 70
144.3231 90
144.3431 70
144.3631 40
144.3831 40
144.4031 50
144.4231 60
144.4431 90
144.4631 60
144.4831 50
144.5031 40
144.5231 50
144.5431 80
144.5631 20
144.5831 40
144.6031 60
144.6231 40
144.6431 10
144.6631 60
144.6831 50
144.7031 50
144.7231 40
144.7431 20
144.7631 60
144.7831 60
144.8031 60
144.8231 20
144.8431 20
144.8631 70
144.8831 70
144.9031 60
144.9231 40
144.9431 120
144.9631 20
144.9831 40
145.0031 40
145.0231 40
145.0431 40
145.0631 60
145.0831 70
145.1031 100
145.1231 50
145.1431 30
145.1631 80
145.1831 20
145.2031 50
145.2231 70
145.2431 60
145.2631 70
145.2831 50
145.3031 90
145.3231 30
145.3431 70
145.3631 30
145.3831 80
145.4031 40
145.4231 40
145.4431 40
145.4631 30
145.4831 30
145.5031 30
145.5231 30
145.5431 50
145.5631 50
145.5831 40
145.6031 60
145.6231 40
145.6431 80
145.6631 70
145.6831 50
145.7031 50
145.7231 50
145.7431 10
145.7631 20
145.7831 70
145.8031 30
145.8231 40
145.8431 20
145.8631 60
145.8831 70
145.9031 60
145.9231 30
145.9431 20
145.9631 50
145.9831 40
146.0031 60
146.0231 30
146.0431 50
146.0631 80
146.0831 60
146.1031 50
146.1231 20
146.1431 80
146.1631 30
146.1831 20
146.2031 40
146.2231 70
146.2431 60
146.2631 30
146.2831 30
146.3031 70
146.3231 50
146.3431 50
146.3631 30
146.3831 20
146.4031 40
146.4231 30
146.4431 20
146.4631 70
146.4831 30
146.5031 100
146.5231 40
146.5431 30
146.5631 80
146.5831 40
146.6031 30
146.6231 50
146.6431 40
146.6631 80
146.6831 40
146.7031 30
146.7231 100
146.7431 70
146.7631 30
146.7831 30
146.8031 40
146.8231 30
146.8431 30
146.8631 50
146.8831 40
146.9031 40
146.9231 90
146.9431 40
146.9631 40
146.9831 80
147.0031 60
147.0231 70
147.0431 60
147.0631 50
147.0831 50
147.1031 80
147.1231 60
147.1431 20
147.1631 90
147.1831 70
147.2031 70
147.2231 50
147.2431 80
147.2631 60
147.2831 70
147.3031 50
147.3232 90
147.3431 10
147.3631 70
147.3831 70
147.4031 90
147.4231 40
147.4431 80
147.4632 40
147.4832 40
147.5031 40
147.5231 30
147.5432 50
147.5631 60
147.5831 60
147.6031 40
147.6232 70
147.6432 80
147.6631 100
147.6832 30
147.7032 80
147.7231 30
147.7431 70
147.7632 50
147.7832 50
147.8032 40
147.8232 50
147.8432 40
147.8632 30
147.8831 40
147.9032 60
147.9232 50
147.9432 40
147.9632 40
147.9832 50
148.0032 30
148.0232 100
148.0432 50
148.0632 40
148.0832 20
148.1032 110
148.1232 90
148.1432 80
148.1632 100
148.1832 80
148.2032 130
148.2232 110
148.2432 90
148.2632 130
148.2832 90
148.3032 120
148.3232 140
148.3432 190
148.3632 100
148.3832 140
148.4032 220
148.4232 240
148.4432 230
148.4632 340
148.4832 290
148.5032 450
148.5232 510
148.5432 480
148.5632 590
148.5832 660
148.6032 630
148.6232 820
148.6432 880
148.6632 1200
148.6832 1400
148.7032 1240
148.7232 1060
148.7432 1120
148.7632 800
148.7832 830
148.8032 830
148.8232 580
148.8432 690
148.8632 550
148.8832 450
148.9032 380
148.9232 360
148.9432 290
148.9632 290
148.9832 220
149.0032 190
149.0232 200
149.0432 240
149.0632 170
149.0832 210
149.1032 140
149.1232 90
149.1432 130
149.1632 110
149.1832 120
149.2032 150
149.2232 130
149.2432 70
149.2632 120
149.2832 90
149.3032 90
149.3232 110
149.3432 140
149.3632 140
149.3832 110
149.4032 110
149.4232 180
149.4432 150
149.4632 190
149.4832 110
149.5032 150
149.5232 330
149.5432 220
149.5632 230
149.5832 250
149.6032 250
149.6232 330
149.6432 460
149.6632 360
149.6832 430
149.7032 580
149.7232 530
149.7432 610
149.7632 450
149.7832 440
149.8032 320
149.8232 290
149.8432 410
149.8632 380
149.8832 290
149.9032 320
149.9232 230
149.9432 160
149.9632 180
149.9832 150
150.0032 200
150.0232 120
150.0432 150
150.0632 120
150.0832 130
150.1032 120
150.1232 120
150.1432 100
150.1632 70
150.1832 90
150.2032 50
150.2232 110
150.2432 70
150.2632 40
150.2832 20
150.3032 40
150.3232 40
150.3432 90
150.3632 50
150.3832 100
150.4032 80
150.4232 80
150.4432 60
150.4632 90
150.4832 80
150.5032 20
150.5232 60
150.5432 50
150.5632 70
150.5832 50
150.6032 50
150.6232 40
150.6432 60
150.6632 70
150.6832 90
150.7032 20
150.7232 30
150.7432 60
150.7632 50
150.7832 50
150.8032 20
150.8232 30
150.8432 110
150.8632 50
150.8832 60
150.9032 70
150.9232 30
150.9432 30
150.9632 60
150.9832 50
151.0032 50
151.0232 60
151.0432 20
151.0632 60
151.0832 20
151.1032 50
151.1232 40
151.1432 50
151.1632 60
151.1832 40
151.2032 50
151.2232 70
151.2432 50
151.2632 60
151.2832 50
151.3032 80
151.3232 40
151.3432 50
151.3632 10
151.3832 60
151.4032 50
151.4232 80
151.4432 70
151.4632 50
151.4832 50
151.5032 50
151.5232 70
151.5432 40
151.5632 20
151.5832 20
151.6032 30
151.6232 40
151.6432 70
151.6632 50
151.6832 20
151.7032 10
151.7232 30
151.7432 50
151.7632 100
151.7832 10
151.8033 40
151.8232 50
151.8432 30
151.8633 60
151.8832 90
151.9032 20
151.9232 70
151.9433 50
151.9633 50
151.9832 80
152.0033 0
152.0233 30
152.0432 50
152.0632 40
152.0833 40
152.1033 30
152.1233 10
152.1432 30
152.1633 20
152.1833 70
152.2032 120
152.2233 80
152.2433 70
152.2633 10
152.2833 40
152.3033 50
152.3233 40
152.3433 40
152.3633 50
152.3833 60
152.4033 20
152.4233 40
152.4433 40
152.4633 30
152.4833 70
152.5033 50
152.5233 20
152.5433 50
152.5633 20
152.5833 50
152.6033 50
152.6233 50
152.6433 30
152.6633 50
152.6833 60
152.7033 10
152.7233 10
152.7433 20
152.7633 40
152.7833 40
152.8033 40
152.8233 60
152.8433 30
152.8633 40
152.8833 20
152.9033 60
152.9233 90
152.9433 20
152.9633 10
152.9833 40
153.0033 30
153.0233 20
153.0433 90
153.0633 80
153.0833 40
153.1033 90
153.1233 40
153.1433 80
153.1633 50
153.1833 20
153.2033 50
153.2233 60
153.2433 40
153.2633 50
153.2833 60
153.3033 80
153.3233 30
153.3433 30
153.3633 50
153.3833 80
153.4033 60
153.4233 60
153.4433 60
153.4633 90
153.4833 30
153.5033 60
153.5233 60
153.5433 50
153.5633 50
153.5833 50
153.6033 50
153.6233 50
153.6433 10
153.6633 40
153.6833 20
153.7033 60
153.7233 20
153.7433 50
153.7633 40
153.7833 50
153.8033 40
153.8233 40
153.8433 50
153.8633 10
153.8833 30
153.9033 50
153.9233 20
153.9433 30
153.9633 70
153.9833 30
154.0033 0
154.0233 80
154.0433 70
154.0633 20
154.0833 20
154.1033 20
154.1233 30
154.1433 50
154.1633 50
154.1833 60
154.2033 20
154.2233 50
154.2433 70
154.2633 70
154.2833 30
154.3033 20
154.3233 50
154.3433 60
154.3633 100
154.3833 70
154.4033 60
154.4233 70
154.4433 60
154.4633 40
154.4833 60
154.5033 50
154.5233 50
154.5433 70
154.5633 50
154.5833 30
154.6033 20
154.6233 60
154.6433 50
154.6633 50
154.6833 20
154.7033 50
154.7233 20
154.7433 30
154.7633 60
154.7833 70
154.8033 30
154.8233 60
154.8433 60
154.8633 60
154.8833 40
154.9033 90
154.9233 30
154.9433 80
154.9633 60
154.9833 30
155.0033 50
