#plot 2theta,I
#
#2theta	I
19.9	32
19.925	33
19.95	34
19.975	25
20	36
20.025	35
20.05	42
20.075	34
20.1	28
20.125	29
20.15	32
20.175	34
20.2	30
20.225	35
20.25	28
20.275	31
20.3	34
20.325	34
20.35	32
20.375	35
20.4	38
20.425	29
20.45	30
20.475	28
20.5	49
20.525	32
20.55	33
20.575	34
20.6	39
20.625	32
20.65	39
20.675	37
20.7	33
20.725	35
20.75	35
20.775	39
20.8	46
20.825	39
20.85	35
20.875	31
20.9	25
20.925	23
20.95	29
20.975	34
21	32
21.025	29
21.05	33
21.075	30
21.1	28
21.125	32
21.15	29
21.175	40
21.2	42
21.225	26
21.25	32
21.275	25
21.3	43
21.325	39
21.35	23
21.375	29
21.4	27
21.425	33
21.45	23
21.475	33
21.5	34
21.525	25
21.55	30
21.575	30
21.6	34
21.625	36
21.65	27
21.675	41
21.7	22
21.725	44
21.75	33
21.775	25
21.8	39
21.825	37
21.85	27
21.875	30
21.9	16
21.925	20
21.95	37
21.975	24
22	32
22.025	38
22.05	38
22.075	36
22.1	27
22.125	34
22.15	30
22.175	21
22.2	32
22.225	38
22.25	20
22.275	29
22.3	37
22.325	34
22.35	26
22.375	32
22.4	30
22.425	18
22.45	28
22.475	31
22.5	33
22.525	45
22.55	31
22.575	38
22.6	31
22.625	35
22.65	43
22.675	50
22.7	30
22.725	45
22.75	44
22.775	45
22.8	41
22.825	32
22.85	34
22.875	33
22.9	33
22.925	29
22.95	44
22.975	40
23	34
23.025	28
23.05	37
23.075	38
23.1	29
23.125	31
23.15	34
23.175	35
23.2	29
23.225	31
23.25	37
23.275	28
23.3	34
23.325	37
23.35	25
23.375	30
23.4	27
23.425	24
23.45	24
23.475	31
23.5	52
23.525	38
23.55	42
23.575	42
23.6	34
23.625	37
23.65	47
23.675	36
23.7	34
23.725	32
23.75	37
23.775	41
23.8	52
23.825	28
23.85	42
23.875	54
23.9	33
23.925	47
23.95	54
23.975	53
24	52
24.025	47
24.05	54
24.075	54
24.1	53
24.125	71
24.15	55
24.175	65
24.2	72
24.225	66
24.25	71
24.275	67
24.3	67
24.325	58
24.35	57
24.375	55
24.4	74
24.425	48
24.45	61
24.475	56
24.5	76
24.525	88
24.55	75
24.575	79
24.6	88
24.625	91
24.65	74
24.675	94
24.7	93
24.725	90
24.75	124
24.775	118
24.8	144
24.825	128
24.85	148
24.875	168
24.9	186
24.925	212
24.95	221
24.975	290
25	334
25.025	350
25.05	476
25.075	577
25.1	706
25.125	809
25.15	953
25.175	1097
25.2	1149
25.225	1326
25.25	1398
25.275	1412
25.3	1387
25.325	1208
25.35	1107
25.375	1020
25.4	776
25.425	691
25.45	552
25.475	489
25.5	371
25.525	334
25.55	271
25.575	253
25.6	222
25.625	189
25.65	168
25.675	134
25.7	119
25.725	128
25.75	107
25.775	111
25.8	86
25.825	88
25.85	97
25.875	95
25.9	79
25.925	82
25.95	67
25.975	59
26	83
26.025	64
26.05	60
26.075	65
26.1	62
26.125	54
26.15	69
26.175	74
26.2	47
26.225	50
26.25	50
26.275	51
26.3	58
26.325	57
26.35	59
26.375	45
26.4	43
26.425	59
26.45	44
26.475	38
26.5	55
26.525	45
26.55	43
26.575	45
26.6	51
26.625	49
26.65	46
26.675	52
26.7	45
26.725	49
26.75	45
26.775	43
26.8	39
26.825	33
26.85	25
26.875	30
26.9	40
26.925	37
26.95	36
26.975	57
27	36
27.025	32
27.05	45
27.075	38
27.1	29
27.125	44
27.15	51
27.175	39
27.2	43
27.225	43
27.25	37
27.275	38
27.3	55
27.325	50
27.35	28
27.375	50
27.4	60
27.425	49
27.45	56
27.475	34
27.5	38
27.525	41
27.55	31
27.575	37
27.6	40
27.625	38
27.65	28
27.675	42
27.7	37
27.725	37
27.75	27
27.775	46
27.8	32
27.825	31
27.85	31
27.875	27
27.9	33
27.925	22
27.95	26
27.975	26
28	38
28.025	43
28.05	36
28.075	25
28.1	33
28.125	40
28.15	28
28.175	28
28.2	33
28.225	33
28.25	35
28.275	34
28.3	31
28.325	31
28.35	30
28.375	36
28.4	32
28.425	21
28.45	29
28.475	32
28.5	33
28.525	24
28.55	31
28.575	31
28.6	41
28.625	36
28.65	27
28.675	24
28.7	23
28.725	28
28.75	33
28.775	38
28.8	34
28.825	31
28.85	33
28.875	21
28.9	26
28.925	30
28.95	35
28.975	28
29	34
29.025	30
29.05	35
29.075	31
29.1	35
29.125	37
29.15	29
29.175	37
29.2	25
29.225	21
29.25	39
29.275	27
29.3	26
29.325	40
29.35	26
29.375	36
29.4	21
29.425	15
29.45	31
29.475	27
29.5	20
29.525	33
29.55	26
29.575	22
29.6	24
29.625	29
29.65	24
29.675	36
29.7	33
29.725	27
29.75	22
29.775	29
29.8	30
29.825	27
29.85	30
29.875	13
29.9	26
29.925	30
29.95	31
29.975	27
30	28
30.025	26
30.05	23
30.075	26
30.1	31
30.125	24
30.15	40
30.175	20
30.2	26
30.225	27
30.25	37
30.275	38
30.3	17
30.325	32
30.35	14
30.375	35
30.4	27
30.425	31
30.45	37
30.475	42
30.5	23
30.525	26
30.55	23
30.575	34
30.6	35
30.625	18
30.65	24
30.675	27
30.7	42
30.725	32
30.75	30
30.775	27
30.8	19
30.825	26
30.85	26
30.875	32
30.9	32
30.925	29
30.95	35
30.975	31
31	25
31.025	32
31.05	28
31.075	27
31.1	22
31.125	32
31.15	33
31.175	23
31.2	26
31.225	31
31.25	22
31.275	35
31.3	36
31.325	26
31.35	28
31.375	29
31.4	38
31.425	25
31.45	27
31.475	40
31.5	23
31.525	30
31.55	24
31.575	32
31.6	29
31.625	28
31.65	27
31.675	23
31.7	29
31.725	31
31.75	21
31.775	25
31.8	37
31.825	35
31.85	27
31.875	29
31.9	19
31.925	27
31.95	36
31.975	38
32	26
32.025	38
32.05	22
32.075	27
32.1	30
32.125	32
32.15	25
32.175	34
32.2	25
32.225	33
32.25	29
32.275	25
32.3	36
32.325	31
32.35	27
32.375	27
32.4	27
32.425	31
32.45	36
32.475	21
32.5	31
32.525	32
32.55	20
32.575	33
32.6	25
32.625	31
32.65	26
32.675	26
32.7	25
32.725	30
32.75	28
32.775	38
32.8	24
32.825	24
32.85	25
32.875	22
32.9	28
32.925	27
32.95	30
32.975	14
33	29
33.025	20
33.05	22
33.075	32
33.1	37
33.125	32
33.15	35
33.175	34
33.2	30
33.225	30
33.25	24
33.275	33
33.3	26
33.325	24
33.35	21
33.375	26
33.4	21
33.425	38
33.45	23
33.475	30
33.5	32
33.525	26
33.55	37
33.575	27
33.6	29
33.625	34
33.65	35
33.675	31
33.7	32
33.725	26
33.75	24
33.775	35
33.8	35
33.825	27
33.85	23
33.875	26
33.9	36
33.925	27
33.95	35
33.975	18
34	44
34.025	47
34.05	24
34.075	18
34.1	29
34.125	29
34.15	33
34.175	42
34.2	17
34.225	15
34.25	16
34.275	28
34.3	26
34.325	23
34.35	28
34.375	22
34.4	29
34.425	27
34.45	28
34.475	29
34.5	26
34.525	18
34.55	25
34.575	20
34.6	30
34.625	30
34.65	27
34.675	28
34.7	23
34.725	34
34.75	26
34.775	29
34.8	36
34.825	30
34.85	27
34.875	22
34.9	26
34.925	20
34.95	25
34.975	36
35	27
35.025	31
35.05	17
35.075	27
35.1	33
35.125	26
35.15	25
35.175	32
35.2	23
35.225	37
35.25	30
35.275	23
35.3	27
35.325	28
35.35	30
35.375	25
35.4	18
35.425	39
35.45	37
35.475	42
35.5	37
35.525	35
35.55	32
35.575	32
35.6	37
35.625	32
35.65	43
35.675	29
35.7	26
35.725	31
35.75	38
35.775	33
35.8	28
35.825	34
35.85	27
35.875	52
35.9	33
35.925	43
35.95	45
35.975	45
36	38
36.025	44
36.05	41
36.075	35
36.1	54
36.125	38
36.15	54
36.175	44
36.2	27
36.225	43
36.25	25
36.275	31
36.3	48
36.325	35
36.35	46
36.375	30
36.4	31
36.425	46
36.45	43
36.475	46
36.5	51
36.525	42
36.55	46
36.575	52
36.6	47
36.625	57
36.65	65
36.675	70
36.7	65
36.725	85
36.75	99
36.775	106
36.8	107
36.825	136
36.85	124
36.875	138
36.9	136
36.925	118
36.95	124
36.975	125
37	113
37.025	99
37.05	91
37.075	94
37.1	82
37.125	68
37.15	85
37.175	63
37.2	62
37.225	93
37.25	80
37.275	69
37.3	58
37.325	89
37.35	95
37.375	91
37.4	105
37.425	129
37.45	112
37.475	138
37.5	149
37.525	182
37.55	224
37.575	283
37.6	268
37.625	324
37.65	337
37.675	378
37.7	375
37.725	410
37.75	395
37.775	345
37.8	311
37.825	367
37.85	307
37.875	257
37.9	207
37.925	252
37.95	187
37.975	178
38	143
38.025	99
38.05	99
38.075	119
38.1	96
38.125	87
38.15	94
38.175	76
38.2	90
38.225	74
38.25	97
38.275	76
38.3	98
38.325	110
38.35	105
38.375	115
38.4	125
38.425	126
38.45	141
38.475	164
38.5	145
38.525	179
38.55	164
38.575	135
38.6	133
38.625	124
38.65	118
38.675	110
38.7	93
38.725	97
38.75	88
38.775	72
38.8	71
38.825	61
38.85	34
38.875	40
38.9	54
38.925	42
38.95	53
38.975	48
39	45
39.025	34
39.05	24
39.075	34
39.1	34
39.125	33
39.15	39
39.175	41
39.2	33
39.225	38
39.25	21
39.275	24
39.3	39
39.325	23
39.35	33
39.375	39
39.4	31
39.425	33
39.45	23
39.475	19
39.5	33
39.525	21
39.55	29
39.575	21
39.6	30
39.625	35
39.65	21
39.675	29
39.7	22
39.725	31
39.75	23
39.775	27
39.8	26
39.825	24
39.85	25
39.875	23
39.9	24
39.925	24
39.95	30
39.975	36
40	27
40.025	22
40.05	16
40.075	25
40.1	21
40.125	24
40.15	14
40.175	22
40.2	32
40.225	29
40.25	31
40.275	19
40.3	28
40.325	29
40.35	27
40.375	25
40.4	29
40.425	24
40.45	22
40.475	28
40.5	25
40.525	23
40.55	21
40.575	26
40.6	21
40.625	23
40.65	34
40.675	40
40.7	25
40.725	20
40.75	26
40.775	16
40.8	22
40.825	24
40.85	14
40.875	22
40.9	30
40.925	33
40.95	27
40.975	20
41	21
41.025	27
41.05	26
41.075	22
41.1	23
41.125	26
41.15	29
41.175	29
41.2	22
41.225	28
41.25	17
41.275	37
41.3	31
41.325	23
41.35	22
41.375	28
41.4	21
41.425	16
41.45	25
41.475	20
41.5	19
41.525	20
41.55	24
41.575	24
41.6	21
41.625	25
41.65	24
41.675	17
41.7	16
41.725	18
41.75	24
41.775	25
41.8	20
41.825	21
41.85	33
41.875	20
41.9	20
41.925	22
41.95	26
41.975	23
42	24
42.025	21
42.05	27
42.075	15
42.1	11
42.125	30
42.15	27
42.175	22
42.2	24
42.225	21
42.25	24
42.275	19
42.3	20
42.325	20
42.35	24
42.375	20
42.4	17
42.425	31
42.45	24
42.475	10
42.5	22
42.525	19
42.55	24
42.575	16
42.6	18
42.625	23
42.65	22
42.675	14
42.7	23
42.725	20
42.75	19
42.775	20
42.8	26
42.825	24
42.85	16
42.875	18
42.9	15
42.925	31
42.95	14
42.975	23
43	25
43.025	22
43.05	30
43.075	24
43.1	19
43.125	30
43.15	23
43.175	19
43.2	23
43.225	30
43.25	18
43.275	28
43.3	26
43.325	28
43.35	23
43.375	20
43.4	19
43.425	27
43.45	30
43.475	26
43.5	34
43.525	14
43.55	29
43.575	22
43.6	22
43.625	29
43.65	28
43.675	23
43.7	23
43.725	32
43.75	32
43.775	26
43.8	23
43.825	16
43.85	28
43.875	30
43.9	19
43.925	26
43.95	18
43.975	19
44	27
44.025	36
44.05	36
44.075	21
44.1	22
44.125	20
44.15	23
44.175	21
44.2	9
44.225	14
44.25	17
44.275	25
44.3	15
44.325	16
44.35	25
44.375	21
44.4	24
44.425	17
44.45	14
44.475	26
44.5	17
44.525	22
44.55	19
44.575	20
44.6	20
44.625	23
44.65	18
44.675	35
44.7	27
44.725	24
44.75	17
44.775	22
44.8	23
44.825	31
44.85	21
44.875	15
44.9	22
44.925	24
44.95	23
44.975	25
45	23
45.025	26
45.05	19
45.075	22
45.1	23
45.125	21
45.15	21
45.175	18
45.2	17
45.225	28
45.25	28
45.275	21
45.3	21
45.325	15
45.35	16
45.375	31
45.4	28
45.425	20
45.45	30
45.475	18
45.5	29
45.525	15
45.55	29
45.575	24
45.6	19
45.625	25
45.65	31
45.675	21
45.7	22
45.725	29
45.75	34
45.775	34
45.8	32
45.825	35
45.85	38
45.875	24
45.9	33
45.925	32
45.95	43
45.975	35
46	24
46.025	27
46.05	29
46.075	25
46.1	31
46.125	36
46.15	30
46.175	18
46.2	34
46.225	26
46.25	21
46.275	29
46.3	20
46.325	36
46.35	27
46.375	31
46.4	37
46.425	33
46.45	17
46.475	31
46.5	28
46.525	19
46.55	21
46.575	28
46.6	30
46.625	25
46.65	34
46.675	31
46.7	29
46.725	28
46.75	33
46.775	28
46.8	19
46.825	27
46.85	35
46.875	37
46.9	29
46.925	32
46.95	27
46.975	33
47	33
47.025	24
47.05	36
47.075	46
47.1	37
47.125	38
47.15	46
47.175	36
47.2	49
47.225	50
47.25	40
47.275	50
47.3	49
47.325	48
47.35	66
47.375	59
47.4	54
47.425	70
47.45	51
47.475	60
47.5	76
47.525	76
47.55	93
47.575	98
47.6	115
47.625	125
47.65	137
47.675	153
47.7	153
47.725	182
47.75	235
47.775	290
47.8	297
47.825	362
47.85	405
47.875	436
47.9	530
47.925	577
47.95	601
47.975	644
48	623
48.025	621
48.05	582
48.075	652
48.1	548
48.125	539
48.15	480
48.175	390
48.2	359
48.225	306
48.25	260
48.275	221
48.3	190
48.325	171
48.35	148
48.375	144
48.4	111
48.425	125
48.45	93
48.475	92
48.5	90
48.525	68
48.55	79
48.575	83
48.6	63
48.625	51
48.65	55
48.675	51
48.7	43
48.725	53
48.75	47
48.775	39
48.8	42
48.825	34
48.85	40
48.875	46
48.9	30
48.925	39
48.95	26
48.975	28
49	37
49.025	39
49.05	44
49.075	39
49.1	34
49.125	34
49.15	37
49.175	28
49.2	26
49.225	39
49.25	29
49.275	27
49.3	28
49.325	31
49.35	37
49.375	25
49.4	31
49.425	25
49.45	24
49.475	34
49.5	37
49.525	34
49.55	29
49.575	30
49.6	29
49.625	23
49.65	27
49.675	25
49.7	39
49.725	25
49.75	26
49.775	30
49.8	19
49.825	23
49.85	21
49.875	36
49.9	22
49.925	18
49.95	32
49.975	35
50	24
50.025	19
50.05	21
50.075	30
50.1	29
50.125	30
50.15	28
50.175	20
50.2	23
50.225	34
50.25	27
50.275	21
50.3	36
50.325	30
50.35	33
50.375	31
50.4	20
50.425	30
50.45	22
50.475	18
50.5	25
50.525	18
50.55	29
50.575	24
50.6	20
50.625	15
50.65	17
50.675	23
50.7	32
50.725	27
50.75	19
50.775	14
50.8	19
50.825	27
50.85	30
50.875	22
50.9	37
50.925	21
50.95	24
50.975	39
51	29
51.025	16
51.05	24
51.075	26
51.1	16
51.125	20
51.15	28
51.175	39
51.2	21
51.225	31
51.25	27
51.275	25
51.3	28
51.325	33
51.35	39
51.375	30
51.4	31
51.425	29
51.45	27
51.475	38
51.5	27
51.525	24
51.55	31
51.575	30
51.6	30
51.625	25
51.65	29
51.675	28
51.7	26
51.725	27
51.75	28
51.775	37
51.8	26
51.825	32
51.85	24
51.875	25
51.9	27
51.925	31
51.95	27
51.975	17
52	22
52.025	30
52.05	26
52.075	32
52.1	40
52.125	29
52.15	31
52.175	34
52.2	32
52.225	29
52.25	34
52.275	32
52.3	28
52.325	27
52.35	27
52.375	36
52.4	34
52.425	39
52.45	34
52.475	47
52.5	42
52.525	28
52.55	34
52.575	31
52.6	28
52.625	33
52.65	39
52.675	32
52.7	36
52.725	29
52.75	38
52.775	37
52.8	36
52.825	42
52.85	36
52.875	29
52.9	39
52.925	51
52.95	30
52.975	32
53	24
53.025	31
53.05	36
53.075	48
53.1	44
53.125	46
53.15	34
53.175	50
53.2	44
53.225	48
53.25	57
53.275	63
53.3	61
53.325	46
53.35	69
53.375	66
53.4	73
53.425	88
53.45	105
53.475	104
53.5	117
53.525	129
53.55	164
53.575	167
53.6	206
53.625	204
53.65	266
53.675	299
53.7	340
53.725	339
53.75	373
53.775	444
53.8	458
53.825	454
53.85	418
53.875	448
53.9	395
53.925	398
53.95	349
53.975	335
54	304
54.025	247
54.05	223
54.075	218
54.1	197
54.125	195
54.15	154
54.175	148
54.2	140
54.225	113
54.25	104
54.275	121
54.3	111
54.325	87
54.35	93
54.375	110
54.4	101
54.425	88
54.45	78
54.475	99
54.5	82
54.525	98
54.55	101
54.575	77
54.6	104
54.625	84
54.65	131
54.675	131
54.7	150
54.725	133
54.75	153
54.775	177
54.8	202
54.825	249
54.85	312
54.875	304
54.9	327
54.925	338
54.95	386
54.975	415
55	477
55.025	428
55.05	488
55.075	409
55.1	393
55.125	386
55.15	410
55.175	346
55.2	321
55.225	266
55.25	218
55.275	224
55.3	183
55.325	148
55.35	132
55.375	125
55.4	115
55.425	119
55.45	81
55.475	75
55.5	77
55.525	73
55.55	75
55.575	66
55.6	65
55.625	44
55.65	53
55.675	45
55.7	46
55.725	50
55.75	45
55.775	45
55.8	36
55.825	40
55.85	38
55.875	54
55.9	34
55.925	35
55.95	38
55.975	26
56	32
56.025	41
56.05	35
56.075	37
56.1	42
56.125	36
56.15	33
56.175	30
56.2	32
56.225	32
56.25	37
56.275	35
56.3	34
56.325	35
56.35	23
56.375	28
56.4	31
56.425	27
56.45	32
56.475	32
56.5	26
56.525	29
56.55	28
56.575	29
56.6	22
56.625	33
56.65	32
56.675	28
56.7	30
56.725	25
56.75	23
56.775	30
56.8	15
56.825	24
56.85	23
56.875	21
56.9	23
56.925	19
56.95	30
56.975	21
57	29
57.025	30
57.05	20
57.075	27
57.1	31
57.125	32
57.15	26
57.175	28
57.2	18
57.225	19
57.25	30
57.275	19
57.3	20
57.325	31
57.35	24
57.375	25
57.4	31
57.425	30
57.45	16
57.475	12
57.5	20
57.525	21
57.55	25
57.575	27
57.6	24
57.625	25
57.65	16
57.675	30
57.7	38
57.725	27
57.75	17
57.775	23
57.8	20
57.825	18
57.85	27
57.875	27
57.9	18
57.925	26
57.95	17
57.975	24
58	21
58.025	21
58.05	22
58.075	25
58.1	23
58.125	17
58.15	23
58.175	27
58.2	26
58.225	23
58.25	18
58.275	23
58.3	25
58.325	22
58.35	20
58.375	28
58.4	29
58.425	26
58.45	27
58.475	31
58.5	23
58.525	23
58.55	18
58.575	25
58.6	33
58.625	25
58.65	19
58.675	14
58.7	16
58.725	16
58.75	24
58.775	19
58.8	14
58.825	22
58.85	21
58.875	26
58.9	25
58.925	19
58.95	24
58.975	16
59	12
59.025	31
59.05	21
59.075	20
59.1	17
59.125	24
59.15	23
59.175	18
59.2	21
59.225	26
59.25	17
59.275	23
59.3	19
59.325	28
59.35	21
59.375	26
59.4	27
59.425	25
59.45	14
59.475	24
59.5	23
59.525	28
59.55	32
59.575	31
59.6	24
59.625	26
59.65	22
59.675	23
59.7	21
59.725	25
59.75	21
59.775	21
59.8	14
59.825	32
59.85	24
59.875	15
59.9	27
59.925	23
59.95	22
59.975	19
60	23
60.025	25
60.05	27
60.075	29
60.1	26
60.125	18
60.15	22
60.175	15
60.2	27
60.225	23
60.25	24
60.275	20
60.3	21
60.325	24
60.35	17
60.375	29
60.4	18
60.425	18
60.45	17
60.475	26
60.5	28
60.525	27
60.55	18
60.575	26
60.6	17
60.625	17
60.65	24
60.675	24
60.7	21
60.725	17
60.75	28
60.775	24
60.8	24
60.825	22
60.85	20
60.875	22
60.9	22
60.925	21
60.95	22
60.975	24
61	19
61.025	22
61.05	20
61.075	33
61.1	21
61.125	32
61.15	26
61.175	27
61.2	29
61.225	41
61.25	28
61.275	21
61.3	27
61.325	35
61.35	31
61.375	20
61.4	29
61.425	35
61.45	23
61.475	35
61.5	26
61.525	36
61.55	34
61.575	41
61.6	37
61.625	40
61.65	39
61.675	51
61.7	38
61.725	42
61.75	45
61.775	54
61.8	63
61.825	62
61.85	64
61.875	65
61.9	102
61.925	89
61.95	108
61.975	102
62	113
62.025	125
62.05	109
62.075	130
62.1	149
62.125	113
62.15	109
62.175	145
62.2	136
62.225	130
62.25	138
62.275	134
62.3	152
62.325	149
62.35	145
62.375	168
62.4	171
62.425	216
62.45	217
62.475	271
62.5	254
62.525	290
62.55	306
62.575	341
62.6	366
62.625	383
62.65	321
62.675	333
62.7	309
62.725	318
62.75	308
62.775	311
62.8	281
62.825	233
62.85	215
62.875	242
62.9	205
62.925	162
62.95	158
62.975	104
63	115
63.025	107
63.05	89
63.075	74
63.1	79
63.125	71
63.15	83
63.175	67
63.2	54
63.225	55
63.25	49
63.275	53
63.3	56
63.325	50
63.35	46
63.375	56
63.4	40
63.425	40
63.45	51
63.475	47
63.5	30
63.525	36
63.55	30
63.575	30
63.6	26
63.625	27
63.65	39
63.675	32
63.7	30
63.725	33
63.75	22
63.775	26
63.8	43
63.825	28
63.85	27
63.875	28
63.9	33
63.925	34
63.95	26
63.975	18
64	28
64.025	33
64.05	28
64.075	24
64.1	23
64.125	31
64.15	25
64.175	26
64.2	25
64.225	31
64.25	24
64.275	26
64.3	23
64.325	22
64.35	26
64.375	22
64.4	16
64.425	14
64.45	30
64.475	22
64.5	21
64.525	22
64.55	24
64.575	27
64.6	26
64.625	28
64.65	23
64.675	21
64.7	24
64.725	24
64.75	19
64.775	21
64.8	29
64.825	22
64.85	31
64.875	29
64.9	18
64.925	27
64.95	10
64.975	32
65	28
65.025	16
65.05	21
65.075	26
65.1	34
65.125	17
65.15	26
65.175	23
65.2	24
65.225	19
65.25	12
65.275	23
65.3	26
65.325	18
65.35	29
65.375	18
65.4	17
65.425	36
65.45	20
65.475	16
65.5	20
65.525	22
65.55	28
65.575	22
65.6	25
65.625	23
65.65	22
65.675	18
65.7	26
65.725	17
65.75	32
65.775	24
65.8	13
65.825	19
65.85	21
65.875	31
65.9	19
65.925	19
65.95	31
65.975	17
66	24
66.025	14
66.05	12
66.075	25
66.1	25
66.125	19
66.15	21
66.175	19
66.2	13
66.225	21
66.25	19
66.275	20
66.3	21
66.325	22
66.35	18
66.375	16
66.4	26
66.425	24
66.45	30
66.475	29
66.5	24
66.525	25
66.55	19
66.575	21
66.6	23
66.625	18
66.65	12
66.675	16
66.7	20
66.725	18
66.75	17
66.775	22
66.8	23
66.825	25
66.85	22
66.875	18
66.9	31
66.925	22
66.95	28
66.975	15
67	16
67.025	20
67.05	20
67.075	18
67.1	22
67.125	29
67.15	19
67.175	29
67.2	19
67.225	37
67.25	24
67.275	20
67.3	20
67.325	29
67.35	18
67.375	24
67.4	20
67.425	24
67.45	24
67.475	21
67.5	22
67.525	22
67.55	22
67.575	23
67.6	22
67.625	24
67.65	20
67.675	24
67.7	23
67.725	21
67.75	28
67.775	20
67.8	25
67.825	22
67.85	28
67.875	26
67.9	28
67.925	43
67.95	20
67.975	32
68	22
68.025	33
68.05	23
68.075	33
68.1	39
68.125	36
68.15	28
68.175	41
68.2	45
68.225	47
68.25	43
68.275	42
68.3	62
68.325	49
68.35	59
68.375	55
68.4	64
68.425	57
68.45	81
68.475	112
68.5	103
68.525	113
68.55	134
68.575	126
68.6	146
68.625	156
68.65	150
68.675	156
68.7	160
68.725	146
68.75	137
68.775	160
68.8	147
68.825	132
68.85	154
68.875	142
68.9	111
68.925	119
68.95	112
68.975	105
69	77
69.025	96
69.05	76
69.075	66
69.1	59
69.125	46
69.15	49
69.175	62
69.2	52
69.225	62
69.25	49
69.275	43
69.3	40
69.325	51
69.35	33
69.375	23
69.4	37
69.425	35
69.45	33
69.475	33
69.5	35
69.525	36
69.55	34
69.575	37
69.6	36
69.625	38
69.65	44
69.675	39
69.7	47
69.725	51
69.75	49
69.775	37
69.8	54
69.825	58
69.85	45
69.875	51
69.9	64
69.925	71
69.95	70
69.975	77
70	76
